Epoch [1/1000], Loss: 0.6509
Epoch [2/1000], Loss: 0.5272
Epoch [3/1000], Loss: 0.4727
Epoch [4/1000], Loss: 0.4447
Epoch [5/1000], Loss: 0.4386
Epoch [6/1000], Loss: 0.4130
Epoch [7/1000], Loss: 0.3972
Epoch [8/1000], Loss: 0.4014
Epoch [9/1000], Loss: 0.3491
Epoch [10/1000], Loss: 0.3729
Epoch [11/1000], Loss: 0.3080
Epoch [12/1000], Loss: 0.3090
Epoch [13/1000], Loss: 0.3265
Epoch [14/1000], Loss: 0.2583
Epoch [15/1000], Loss: 0.2522
Epoch [16/1000], Loss: 0.2256
Epoch [17/1000], Loss: 0.2339
Epoch [18/1000], Loss: 0.2293
Epoch [19/1000], Loss: 0.2218
Epoch [20/1000], Loss: 0.1943
Epoch [21/1000], Loss: 0.2073
Epoch [22/1000], Loss: 0.1946
Epoch [23/1000], Loss: 0.1833
Epoch [24/1000], Loss: 0.1695
Epoch [25/1000], Loss: 0.1871
Epoch [26/1000], Loss: 0.1772
Epoch [27/1000], Loss: 0.2171
Epoch [28/1000], Loss: 0.1871
Early stopping triggered.
Test Accuracy: 0.8400
all_predictions = 
[2, 2, 2, 2, 2, 2, 2, 0, 0, 0, 0, 0, 2, 0, 2, 2, 2, 0, 2, 2, 2, 2, 2, 0, 2, 0, 2, 2, 2, 0, 0, 0, 2, 2, 2, 2, 0, 0, 0, 0, 0, 0, 2, 2, 2, 0, 2, 0, 0, 0, 2, 2, 2, 2, 2, 2, 2, 2, 0, 2, 0, 0, 2, 2, 2, 0, 0, 2, 2, 2, 2, 2, 0, 0, 2, 0, 2, 2, 2, 2, 2, 2, 2, 2, 2, 0, 0, 0, 2, 0, 2, 0, 2, 2, 2, 0, 2, 2, 0, 2]
all_targets = 
[2, 2, 2, 2, 2, 2, 2, 1, 0, 2, 0, 0, 2, 0, 2, 2, 2, 0, 2, 2, 2, 2, 2, 0, 0, 2, 2, 2, 2, 2, 2, 0, 2, 2, 2, 2, 0, 0, 0, 2, 2, 0, 2, 2, 2, 0, 2, 0, 0, 0, 2, 2, 2, 2, 0, 2, 2, 2, 0, 2, 2, 0, 2, 2, 2, 0, 0, 2, 2, 2, 0, 1, 2, 0, 2, 0, 2, 2, 2, 2, 2, 2, 2, 2, 2, 1, 0, 0, 2, 2, 2, 0, 2, 2, 2, 2, 2, 2, 0, 2]
