Epoch [1/1000], Loss: 0.9281
Epoch [2/1000], Loss: 0.7215
Epoch [3/1000], Loss: 0.6887
Epoch [4/1000], Loss: 0.6551
Epoch [5/1000], Loss: 0.5750
Epoch [6/1000], Loss: 0.5117
Epoch [7/1000], Loss: 0.4775
Epoch [8/1000], Loss: 0.4490
Epoch [9/1000], Loss: 0.4162
Epoch [10/1000], Loss: 0.3813
Epoch [11/1000], Loss: 0.3492
Epoch [12/1000], Loss: 0.3376
Epoch [13/1000], Loss: 0.3170
Epoch [14/1000], Loss: 0.2952
Epoch [15/1000], Loss: 0.2983
Epoch [16/1000], Loss: 0.2964
Epoch [17/1000], Loss: 0.2784
Early stopping triggered.
Test Accuracy: 0.8500
all_predictions = 
[2, 2, 2, 2, 2, 2, 2, 0, 0, 0, 0, 0, 2, 0, 2, 2, 2, 0, 2, 2, 0, 2, 2, 0, 2, 0, 2, 2, 2, 0, 2, 0, 2, 2, 2, 2, 0, 0, 0, 0, 0, 0, 2, 2, 2, 0, 2, 0, 0, 0, 2, 2, 2, 2, 0, 2, 2, 2, 0, 2, 0, 0, 2, 2, 2, 0, 0, 2, 2, 2, 2, 2, 0, 0, 2, 0, 2, 2, 2, 2, 2, 2, 2, 2, 2, 2, 0, 0, 2, 2, 2, 0, 2, 2, 0, 2, 0, 2, 0, 2]
all_targets = 
[2, 2, 2, 2, 2, 2, 2, 1, 0, 2, 0, 0, 2, 0, 2, 2, 2, 0, 2, 2, 2, 2, 2, 0, 0, 2, 2, 2, 2, 2, 2, 0, 2, 2, 2, 2, 0, 0, 0, 2, 2, 0, 2, 2, 2, 0, 2, 0, 0, 0, 2, 2, 2, 2, 0, 2, 2, 2, 0, 2, 2, 0, 2, 2, 2, 0, 0, 2, 2, 2, 0, 1, 2, 0, 2, 0, 2, 2, 2, 2, 2, 2, 2, 2, 2, 1, 0, 0, 2, 2, 2, 0, 2, 2, 2, 2, 2, 2, 0, 2]
