Epoch [1/1000], Loss: 0.9082
Epoch [2/1000], Loss: 0.7741
Epoch [3/1000], Loss: 0.7321
Epoch [4/1000], Loss: 0.6648
Epoch [5/1000], Loss: 0.6108
Epoch [6/1000], Loss: 0.5736
Epoch [7/1000], Loss: 0.5508
Epoch [8/1000], Loss: 0.5272
Epoch [9/1000], Loss: 0.5121
Epoch [10/1000], Loss: 0.4939
Epoch [11/1000], Loss: 0.4665
Epoch [12/1000], Loss: 0.4598
Epoch [13/1000], Loss: 0.4555
Epoch [14/1000], Loss: 0.4354
Epoch [15/1000], Loss: 0.4425
Epoch [16/1000], Loss: 0.4172
Epoch [17/1000], Loss: 0.4137
Early stopping triggered.
Test Accuracy: 0.7820
all_predictions = 
[0, 2, 2, 2, 0, 1, 1, 1, 1, 0, 1, 0, 0, 1, 1, 1, 0, 0, 1, 1, 1, 0, 2, 0, 2, 0, 2, 2, 1, 0, 0, 0, 0, 2, 1, 1, 2, 1, 0, 0, 1, 1, 2, 0, 2, 1, 0, 0, 0, 1, 2, 0, 1, 1, 0, 0, 0, 0, 1, 1, 2, 1, 0, 1, 1, 2, 0, 0, 2, 0, 0, 2, 1, 0, 1, 0, 1, 2, 0, 2, 2, 0, 1, 0, 2, 1, 1, 2, 2, 1, 2, 0, 1, 2, 2, 2, 1, 2, 2, 2, 2, 2, 1, 1, 1, 1, 2, 2, 2, 2, 0, 1, 2, 2, 2, 0, 0, 2, 2, 1, 0, 0, 1, 1, 1, 1, 0, 2, 1, 1, 1, 1, 1, 2, 1, 2, 2, 0, 2, 1, 2, 2, 1, 0, 1, 0, 2, 0, 2, 1, 1, 2, 0, 1, 1, 1, 1, 1, 1, 1, 1, 1, 1, 0, 0, 1, 1, 2, 0, 0, 1, 2, 2, 1, 0, 1, 1, 0, 1, 1, 0, 1, 2, 1, 0, 2, 1, 0, 2, 1, 2, 0, 0, 0, 0, 0, 2, 1, 1, 1, 0, 1, 2, 0, 2, 0, 0, 0, 1, 1, 0]
all_targets = 
[0, 2, 2, 2, 0, 1, 1, 1, 1, 0, 1, 0, 2, 2, 2, 1, 0, 0, 1, 1, 1, 0, 2, 0, 2, 0, 1, 2, 1, 0, 0, 1, 0, 2, 1, 1, 2, 0, 0, 0, 1, 1, 2, 1, 2, 2, 0, 0, 1, 1, 1, 0, 1, 2, 0, 0, 0, 0, 2, 1, 2, 1, 0, 1, 1, 2, 1, 0, 2, 0, 0, 1, 1, 0, 2, 0, 0, 2, 0, 2, 2, 0, 1, 1, 2, 2, 1, 2, 2, 0, 2, 0, 0, 2, 2, 2, 0, 2, 2, 2, 2, 2, 1, 1, 1, 1, 2, 2, 2, 2, 1, 1, 2, 2, 2, 0, 1, 2, 2, 1, 0, 1, 1, 1, 1, 1, 0, 2, 1, 1, 0, 1, 1, 1, 1, 1, 2, 0, 1, 1, 2, 2, 1, 0, 1, 1, 2, 1, 2, 1, 1, 2, 0, 2, 1, 1, 1, 1, 1, 1, 2, 2, 1, 1, 0, 2, 1, 2, 0, 0, 2, 2, 2, 1, 1, 1, 2, 0, 1, 1, 1, 0, 2, 1, 0, 2, 2, 0, 2, 0, 2, 0, 1, 1, 0, 0, 2, 1, 1, 1, 0, 1, 2, 1, 2, 0, 0, 0, 1, 2, 0]
