Epoch [1/1000], Loss: 0.7480
Epoch [2/1000], Loss: 0.6647
Epoch [3/1000], Loss: 0.6321
Epoch [4/1000], Loss: 0.5556
Epoch [5/1000], Loss: 0.4743
Epoch [6/1000], Loss: 0.4606
Epoch [7/1000], Loss: 0.4213
Epoch [8/1000], Loss: 0.4144
Epoch [9/1000], Loss: 0.3911
Epoch [10/1000], Loss: 0.3904
Epoch [11/1000], Loss: 0.3672
Epoch [12/1000], Loss: 0.3525
Epoch [13/1000], Loss: 0.3480
Epoch [14/1000], Loss: 0.3244
Epoch [15/1000], Loss: 0.3200
Epoch [16/1000], Loss: 0.3043
Epoch [17/1000], Loss: 0.2963
Epoch [18/1000], Loss: 0.2918
Epoch [19/1000], Loss: 0.2670
Epoch [20/1000], Loss: 0.2574
Epoch [21/1000], Loss: 0.2590
Epoch [22/1000], Loss: 0.2487
Epoch [23/1000], Loss: 0.2380
Epoch [24/1000], Loss: 0.2424
Early stopping triggered.
Test Accuracy: 0.8500
all_predictions = 
[2, 2, 2, 2, 2, 2, 2, 0, 0, 0, 0, 0, 2, 0, 2, 2, 2, 0, 2, 2, 0, 2, 2, 0, 2, 0, 2, 2, 2, 0, 0, 0, 2, 2, 2, 2, 0, 0, 0, 0, 0, 0, 2, 2, 2, 0, 2, 0, 0, 0, 2, 2, 2, 2, 0, 2, 2, 2, 0, 2, 0, 0, 2, 2, 2, 0, 0, 2, 2, 2, 2, 2, 0, 0, 2, 0, 2, 2, 2, 2, 2, 2, 2, 2, 2, 0, 0, 0, 2, 2, 2, 0, 2, 2, 2, 2, 0, 2, 0, 2]
all_targets = 
[2, 2, 2, 2, 2, 2, 2, 1, 0, 2, 0, 0, 2, 0, 2, 2, 2, 0, 2, 2, 2, 2, 2, 0, 0, 2, 2, 2, 2, 2, 2, 0, 2, 2, 2, 2, 0, 0, 0, 2, 2, 0, 2, 2, 2, 0, 2, 0, 0, 0, 2, 2, 2, 2, 0, 2, 2, 2, 0, 2, 2, 0, 2, 2, 2, 0, 0, 2, 2, 2, 0, 1, 2, 0, 2, 0, 2, 2, 2, 2, 2, 2, 2, 2, 2, 1, 0, 0, 2, 2, 2, 0, 2, 2, 2, 2, 2, 2, 0, 2]
