Epoch [1/1000], Loss: 0.9211
Epoch [2/1000], Loss: 0.6750
Epoch [3/1000], Loss: 0.5463
Epoch [4/1000], Loss: 0.4909
Epoch [5/1000], Loss: 0.4669
Epoch [6/1000], Loss: 0.4450
Epoch [7/1000], Loss: 0.4346
Epoch [8/1000], Loss: 0.4190
Epoch [9/1000], Loss: 0.3992
Epoch [10/1000], Loss: 0.3833
Epoch [11/1000], Loss: 0.3668
Epoch [12/1000], Loss: 0.3501
Epoch [13/1000], Loss: 0.3294
Epoch [14/1000], Loss: 0.3181
Epoch [15/1000], Loss: 0.3041
Epoch [16/1000], Loss: 0.3052
Epoch [17/1000], Loss: 0.3048
Epoch [18/1000], Loss: 0.2825
Epoch [19/1000], Loss: 0.2700
Epoch [20/1000], Loss: 0.2568
Epoch [21/1000], Loss: 0.2436
Epoch [22/1000], Loss: 0.2413
Epoch [23/1000], Loss: 0.2371
Epoch [24/1000], Loss: 0.2686
Epoch [25/1000], Loss: 0.2315
Epoch [26/1000], Loss: 0.2259
Early stopping triggered.
Test Accuracy: 0.8100
all_predictions = 
[2, 2, 2, 2, 2, 2, 2, 0, 0, 0, 0, 0, 2, 0, 2, 2, 2, 0, 2, 2, 2, 2, 2, 0, 2, 0, 2, 2, 2, 0, 0, 0, 2, 2, 2, 2, 0, 0, 2, 2, 0, 2, 2, 2, 2, 0, 2, 0, 0, 0, 2, 2, 2, 2, 0, 2, 2, 2, 0, 2, 0, 0, 2, 2, 2, 2, 0, 2, 2, 2, 2, 2, 0, 0, 2, 0, 2, 2, 2, 2, 2, 2, 2, 2, 2, 2, 0, 0, 2, 0, 2, 2, 2, 2, 2, 0, 0, 2, 0, 2]
all_targets = 
[2, 2, 2, 2, 2, 2, 2, 1, 0, 2, 0, 0, 2, 0, 2, 2, 2, 0, 2, 2, 2, 2, 2, 0, 0, 2, 2, 2, 2, 2, 2, 0, 2, 2, 2, 2, 0, 0, 0, 2, 2, 0, 2, 2, 2, 0, 2, 0, 0, 0, 2, 2, 2, 2, 0, 2, 2, 2, 0, 2, 2, 0, 2, 2, 2, 0, 0, 2, 2, 2, 0, 1, 2, 0, 2, 0, 2, 2, 2, 2, 2, 2, 2, 2, 2, 1, 0, 0, 2, 2, 2, 0, 2, 2, 2, 2, 2, 2, 0, 2]
