Epoch [1/1000], Loss: 1.1179
Epoch [2/1000], Loss: 1.0969
Epoch [3/1000], Loss: 0.9698
Epoch [4/1000], Loss: 0.6988
Epoch [5/1000], Loss: 0.6056
Epoch [6/1000], Loss: 0.5297
Epoch [7/1000], Loss: 0.5062
Epoch [8/1000], Loss: 0.4950
Epoch [9/1000], Loss: 0.4812
Epoch [10/1000], Loss: 0.4452
Epoch [11/1000], Loss: 0.4484
Epoch [12/1000], Loss: 0.4353
Epoch [13/1000], Loss: 0.4384
Epoch [14/1000], Loss: 0.4475
Early stopping triggered.
Test Accuracy: 0.7488
all_predictions = 
[0, 2, 2, 2, 0, 1, 1, 1, 1, 0, 1, 0, 0, 1, 1, 1, 0, 0, 1, 1, 1, 0, 2, 0, 2, 0, 2, 2, 1, 0, 0, 1, 0, 1, 1, 1, 2, 0, 0, 0, 0, 1, 2, 0, 2, 1, 0, 0, 0, 1, 2, 0, 1, 1, 0, 0, 0, 0, 1, 1, 2, 1, 0, 1, 1, 2, 0, 0, 1, 0, 0, 2, 1, 0, 1, 0, 0, 2, 0, 2, 2, 0, 1, 0, 2, 1, 1, 2, 2, 0, 2, 0, 0, 2, 2, 2, 1, 2, 2, 2, 2, 2, 1, 0, 1, 1, 2, 2, 2, 1, 0, 1, 2, 2, 2, 0, 0, 2, 2, 1, 0, 0, 0, 1, 0, 1, 0, 2, 1, 1, 0, 1, 1, 2, 1, 2, 2, 0, 2, 0, 2, 2, 1, 0, 1, 0, 2, 0, 2, 1, 1, 1, 0, 1, 0, 1, 1, 1, 0, 1, 0, 0, 1, 0, 0, 1, 1, 2, 0, 0, 1, 2, 2, 1, 0, 0, 1, 0, 1, 1, 0, 1, 2, 1, 0, 2, 1, 0, 2, 1, 1, 0, 0, 0, 0, 0, 2, 1, 1, 1, 0, 1, 2, 0, 2, 0, 0, 0, 1, 1, 0]
all_targets = 
[0, 2, 2, 2, 0, 1, 1, 1, 1, 0, 1, 0, 2, 2, 2, 1, 0, 0, 1, 1, 1, 0, 2, 0, 2, 0, 1, 2, 1, 0, 0, 1, 0, 2, 1, 1, 2, 0, 0, 0, 1, 1, 2, 1, 2, 2, 0, 0, 1, 1, 1, 0, 1, 2, 0, 0, 0, 0, 2, 1, 2, 1, 0, 1, 1, 2, 1, 0, 2, 0, 0, 1, 1, 0, 2, 0, 0, 2, 0, 2, 2, 0, 1, 1, 2, 2, 1, 2, 2, 0, 2, 0, 0, 2, 2, 2, 0, 2, 2, 2, 2, 2, 1, 1, 1, 1, 2, 2, 2, 2, 1, 1, 2, 2, 2, 0, 1, 2, 2, 1, 0, 1, 1, 1, 1, 1, 0, 2, 1, 1, 0, 1, 1, 1, 1, 1, 2, 0, 1, 1, 2, 2, 1, 0, 1, 1, 2, 1, 2, 1, 1, 2, 0, 2, 1, 1, 1, 1, 1, 1, 2, 2, 1, 1, 0, 2, 1, 2, 0, 0, 2, 2, 2, 1, 1, 1, 2, 0, 1, 1, 1, 0, 2, 1, 0, 2, 2, 0, 2, 0, 2, 0, 1, 1, 0, 0, 2, 1, 1, 1, 0, 1, 2, 1, 2, 0, 0, 0, 1, 2, 0]
