Epoch [1/1000], Loss: 0.7326
Epoch [2/1000], Loss: 0.6755
Epoch [3/1000], Loss: 0.6339
Epoch [4/1000], Loss: 0.5633
Epoch [5/1000], Loss: 0.5183
Epoch [6/1000], Loss: 0.4860
Epoch [7/1000], Loss: 0.4615
Epoch [8/1000], Loss: 0.4330
Epoch [9/1000], Loss: 0.4045
Epoch [10/1000], Loss: 0.3831
Epoch [11/1000], Loss: 0.3757
Epoch [12/1000], Loss: 0.3428
Epoch [13/1000], Loss: 0.3577
Epoch [14/1000], Loss: 0.3262
Early stopping triggered.
Test Accuracy: 0.8300
all_predictions = 
[2, 2, 2, 2, 2, 2, 2, 0, 0, 0, 0, 0, 2, 0, 2, 2, 2, 0, 2, 2, 0, 2, 2, 0, 2, 0, 2, 2, 2, 0, 2, 0, 2, 2, 2, 2, 0, 0, 0, 0, 0, 0, 2, 2, 2, 0, 2, 0, 0, 0, 2, 2, 2, 2, 0, 2, 2, 2, 0, 2, 0, 0, 2, 2, 2, 0, 0, 2, 2, 2, 2, 2, 0, 0, 2, 2, 2, 2, 2, 2, 2, 2, 2, 2, 2, 2, 0, 0, 2, 2, 2, 0, 2, 2, 0, 2, 0, 2, 2, 2]
all_targets = 
[2, 2, 2, 2, 2, 2, 2, 1, 0, 2, 0, 0, 2, 0, 2, 2, 2, 0, 2, 2, 2, 2, 2, 0, 0, 2, 2, 2, 2, 2, 2, 0, 2, 2, 2, 2, 0, 0, 0, 2, 2, 0, 2, 2, 2, 0, 2, 0, 0, 0, 2, 2, 2, 2, 0, 2, 2, 2, 0, 2, 2, 0, 2, 2, 2, 0, 0, 2, 2, 2, 0, 1, 2, 0, 2, 0, 2, 2, 2, 2, 2, 2, 2, 2, 2, 1, 0, 0, 2, 2, 2, 0, 2, 2, 2, 2, 2, 2, 0, 2]
