Epoch [1/1000], Loss: 0.6751
Epoch [2/1000], Loss: 0.5899
Epoch [3/1000], Loss: 0.5278
Epoch [4/1000], Loss: 0.4804
Epoch [5/1000], Loss: 0.4433
Epoch [6/1000], Loss: 0.4071
Epoch [7/1000], Loss: 0.3746
Epoch [8/1000], Loss: 0.3503
Epoch [9/1000], Loss: 0.3142
Epoch [10/1000], Loss: 0.2886
Epoch [11/1000], Loss: 0.2774
Epoch [12/1000], Loss: 0.2643
Epoch [13/1000], Loss: 0.2659
Epoch [14/1000], Loss: 0.2570
Epoch [15/1000], Loss: 0.2439
Epoch [16/1000], Loss: 0.2366
Epoch [17/1000], Loss: 0.2323
Epoch [18/1000], Loss: 0.2351
Epoch [19/1000], Loss: 0.2254
Epoch [20/1000], Loss: 0.2231
Epoch [21/1000], Loss: 0.2177
Epoch [22/1000], Loss: 0.2177
Epoch [23/1000], Loss: 0.2149
Early stopping triggered.
Test Accuracy: 0.8900
all_predictions = 
[2, 2, 2, 2, 2, 2, 2, 0, 0, 2, 0, 0, 2, 0, 2, 2, 2, 0, 2, 2, 2, 2, 2, 0, 2, 0, 2, 2, 2, 2, 2, 0, 2, 2, 2, 2, 0, 0, 2, 2, 2, 2, 2, 2, 2, 0, 2, 0, 0, 0, 2, 2, 2, 2, 0, 2, 2, 2, 0, 2, 0, 0, 2, 2, 2, 2, 0, 2, 2, 2, 0, 2, 0, 0, 2, 0, 2, 2, 2, 2, 2, 2, 2, 2, 2, 2, 0, 0, 2, 2, 2, 0, 2, 2, 2, 2, 0, 2, 0, 2]
all_targets = 
[2, 2, 2, 2, 2, 2, 2, 1, 0, 2, 0, 0, 2, 0, 2, 2, 2, 0, 2, 2, 2, 2, 2, 0, 0, 2, 2, 2, 2, 2, 2, 0, 2, 2, 2, 2, 0, 0, 0, 2, 2, 0, 2, 2, 2, 0, 2, 0, 0, 0, 2, 2, 2, 2, 0, 2, 2, 2, 0, 2, 2, 0, 2, 2, 2, 0, 0, 2, 2, 2, 0, 1, 2, 0, 2, 0, 2, 2, 2, 2, 2, 2, 2, 2, 2, 1, 0, 0, 2, 2, 2, 0, 2, 2, 2, 2, 2, 2, 0, 2]
