Epoch [1/1000], Loss: 1.1484
Epoch [2/1000], Loss: 0.9217
Epoch [3/1000], Loss: 0.7836
Epoch [4/1000], Loss: 0.7182
Epoch [5/1000], Loss: 0.6731
Epoch [6/1000], Loss: 0.6332
Epoch [7/1000], Loss: 0.6159
Epoch [8/1000], Loss: 0.5931
Epoch [9/1000], Loss: 0.5647
Epoch [10/1000], Loss: 0.5458
Epoch [11/1000], Loss: 0.5193
Epoch [12/1000], Loss: 0.5013
Epoch [13/1000], Loss: 0.4668
Epoch [14/1000], Loss: 0.4747
Epoch [15/1000], Loss: 0.4484
Epoch [16/1000], Loss: 0.4407
Epoch [17/1000], Loss: 0.4284
Epoch [18/1000], Loss: 0.4166
Epoch [19/1000], Loss: 0.4066
Epoch [20/1000], Loss: 0.3912
Epoch [21/1000], Loss: 0.4006
Epoch [22/1000], Loss: 0.3881
Epoch [23/1000], Loss: 0.3895
Epoch [24/1000], Loss: 0.3775
Epoch [25/1000], Loss: 0.3854
Epoch [26/1000], Loss: 0.3736
Early stopping triggered.
Test Accuracy: 0.7962
all_predictions = 
[0, 2, 2, 2, 0, 1, 1, 1, 1, 0, 1, 0, 2, 1, 1, 1, 0, 0, 1, 1, 1, 0, 2, 0, 2, 0, 2, 2, 1, 0, 0, 1, 2, 2, 1, 1, 2, 1, 0, 0, 1, 1, 2, 1, 2, 1, 0, 0, 1, 1, 2, 0, 1, 1, 0, 0, 0, 0, 1, 1, 2, 1, 0, 1, 1, 2, 0, 0, 2, 0, 0, 2, 1, 0, 1, 2, 0, 2, 0, 2, 2, 0, 1, 2, 2, 1, 1, 2, 2, 1, 2, 0, 2, 2, 2, 2, 1, 2, 2, 2, 2, 2, 1, 1, 1, 1, 2, 2, 2, 2, 0, 1, 2, 2, 2, 0, 2, 2, 2, 1, 0, 0, 0, 1, 1, 1, 0, 2, 1, 1, 0, 1, 1, 2, 1, 2, 2, 0, 2, 1, 2, 2, 1, 0, 1, 0, 2, 0, 2, 1, 1, 2, 0, 1, 1, 1, 1, 1, 1, 1, 0, 1, 1, 0, 0, 1, 1, 2, 0, 0, 1, 2, 2, 1, 0, 1, 1, 0, 1, 1, 0, 1, 2, 1, 0, 2, 1, 0, 2, 1, 2, 0, 0, 0, 0, 0, 2, 1, 1, 1, 0, 1, 2, 1, 2, 0, 0, 1, 1, 1, 0]
all_targets = 
[0, 2, 2, 2, 0, 1, 1, 1, 1, 0, 1, 0, 2, 2, 2, 1, 0, 0, 1, 1, 1, 0, 2, 0, 2, 0, 1, 2, 1, 0, 0, 1, 0, 2, 1, 1, 2, 0, 0, 0, 1, 1, 2, 1, 2, 2, 0, 0, 1, 1, 1, 0, 1, 2, 0, 0, 0, 0, 2, 1, 2, 1, 0, 1, 1, 2, 1, 0, 2, 0, 0, 1, 1, 0, 2, 0, 0, 2, 0, 2, 2, 0, 1, 1, 2, 2, 1, 2, 2, 0, 2, 0, 0, 2, 2, 2, 0, 2, 2, 2, 2, 2, 1, 1, 1, 1, 2, 2, 2, 2, 1, 1, 2, 2, 2, 0, 1, 2, 2, 1, 0, 1, 1, 1, 1, 1, 0, 2, 1, 1, 0, 1, 1, 1, 1, 1, 2, 0, 1, 1, 2, 2, 1, 0, 1, 1, 2, 1, 2, 1, 1, 2, 0, 2, 1, 1, 1, 1, 1, 1, 2, 2, 1, 1, 0, 2, 1, 2, 0, 0, 2, 2, 2, 1, 1, 1, 2, 0, 1, 1, 1, 0, 2, 1, 0, 2, 2, 0, 2, 0, 2, 0, 1, 1, 0, 0, 2, 1, 1, 1, 0, 1, 2, 1, 2, 0, 0, 0, 1, 2, 0]
