Epoch [1/1000], Loss: 1.0176
Epoch [2/1000], Loss: 0.7491
Epoch [3/1000], Loss: 0.6837
Epoch [4/1000], Loss: 0.6506
Epoch [5/1000], Loss: 0.5986
Epoch [6/1000], Loss: 0.5533
Epoch [7/1000], Loss: 0.5146
Epoch [8/1000], Loss: 0.4724
Epoch [9/1000], Loss: 0.4392
Epoch [10/1000], Loss: 0.4234
Epoch [11/1000], Loss: 0.4207
Epoch [12/1000], Loss: 0.3978
Epoch [13/1000], Loss: 0.4019
Epoch [14/1000], Loss: 0.3823
Epoch [15/1000], Loss: 0.3781
Epoch [16/1000], Loss: 0.3712
Epoch [17/1000], Loss: 0.3706
Epoch [18/1000], Loss: 0.3522
Epoch [19/1000], Loss: 0.3524
Epoch [20/1000], Loss: 0.3603
Epoch [21/1000], Loss: 0.3489
Epoch [22/1000], Loss: 0.3409
Epoch [23/1000], Loss: 0.3376
Epoch [24/1000], Loss: 0.3315
Epoch [25/1000], Loss: 0.3248
Epoch [26/1000], Loss: 0.3249
Epoch [27/1000], Loss: 0.3339
Epoch [28/1000], Loss: 0.3394
Epoch [29/1000], Loss: 0.3294
Epoch [30/1000], Loss: 0.3219
Epoch [31/1000], Loss: 0.3155
Epoch [32/1000], Loss: 0.3159
Epoch [33/1000], Loss: 0.3144
Epoch [34/1000], Loss: 0.3149
Epoch [35/1000], Loss: 0.3223
Epoch [36/1000], Loss: 0.3162
Epoch [37/1000], Loss: 0.3087
Early stopping triggered.
Test Accuracy: 0.8483
all_predictions = 
[0, 2, 2, 2, 0, 1, 1, 1, 1, 0, 1, 0, 2, 1, 1, 1, 0, 0, 1, 1, 1, 0, 2, 0, 2, 0, 2, 2, 1, 1, 0, 1, 0, 2, 1, 1, 2, 1, 0, 0, 1, 1, 2, 1, 2, 2, 0, 0, 1, 1, 2, 0, 1, 1, 0, 0, 0, 0, 2, 1, 2, 1, 0, 1, 1, 2, 1, 0, 2, 0, 0, 2, 1, 0, 1, 0, 0, 2, 0, 2, 2, 0, 1, 2, 2, 1, 1, 2, 2, 0, 2, 0, 1, 2, 2, 2, 0, 2, 2, 2, 2, 2, 1, 1, 1, 1, 2, 2, 2, 2, 1, 1, 2, 2, 2, 0, 2, 2, 2, 1, 0, 1, 1, 1, 1, 1, 0, 2, 1, 1, 1, 1, 1, 2, 1, 2, 2, 0, 2, 1, 2, 2, 1, 0, 1, 0, 2, 0, 2, 1, 1, 2, 0, 1, 1, 1, 1, 1, 1, 2, 1, 1, 1, 1, 0, 1, 1, 2, 0, 0, 1, 2, 2, 1, 1, 1, 1, 0, 1, 1, 1, 1, 2, 1, 0, 2, 1, 0, 2, 1, 2, 1, 1, 1, 0, 0, 2, 2, 1, 1, 0, 1, 2, 1, 2, 0, 0, 0, 1, 1, 0]
all_targets = 
[0, 2, 2, 2, 0, 1, 1, 1, 1, 0, 1, 0, 2, 2, 2, 1, 0, 0, 1, 1, 1, 0, 2, 0, 2, 0, 1, 2, 1, 0, 0, 1, 0, 2, 1, 1, 2, 0, 0, 0, 1, 1, 2, 1, 2, 2, 0, 0, 1, 1, 1, 0, 1, 2, 0, 0, 0, 0, 2, 1, 2, 1, 0, 1, 1, 2, 1, 0, 2, 0, 0, 1, 1, 0, 2, 0, 0, 2, 0, 2, 2, 0, 1, 1, 2, 2, 1, 2, 2, 0, 2, 0, 0, 2, 2, 2, 0, 2, 2, 2, 2, 2, 1, 1, 1, 1, 2, 2, 2, 2, 1, 1, 2, 2, 2, 0, 1, 2, 2, 1, 0, 1, 1, 1, 1, 1, 0, 2, 1, 1, 0, 1, 1, 1, 1, 1, 2, 0, 1, 1, 2, 2, 1, 0, 1, 1, 2, 1, 2, 1, 1, 2, 0, 2, 1, 1, 1, 1, 1, 1, 2, 2, 1, 1, 0, 2, 1, 2, 0, 0, 2, 2, 2, 1, 1, 1, 2, 0, 1, 1, 1, 0, 2, 1, 0, 2, 2, 0, 2, 0, 2, 0, 1, 1, 0, 0, 2, 1, 1, 1, 0, 1, 2, 1, 2, 0, 0, 0, 1, 2, 0]
