Epoch [1/1000], Loss: 0.8048
Epoch [2/1000], Loss: 0.6177
Epoch [3/1000], Loss: 0.5501
Epoch [4/1000], Loss: 0.5079
Epoch [5/1000], Loss: 0.4843
Epoch [6/1000], Loss: 0.4579
Epoch [7/1000], Loss: 0.4295
Epoch [8/1000], Loss: 0.4206
Epoch [9/1000], Loss: 0.4083
Epoch [10/1000], Loss: 0.3899
Epoch [11/1000], Loss: 0.3807
Epoch [12/1000], Loss: 0.3829
Epoch [13/1000], Loss: 0.3692
Epoch [14/1000], Loss: 0.3562
Epoch [15/1000], Loss: 0.3430
Epoch [16/1000], Loss: 0.3355
Epoch [17/1000], Loss: 0.3281
Epoch [18/1000], Loss: 0.3370
Epoch [19/1000], Loss: 0.3204
Epoch [20/1000], Loss: 0.3215
Epoch [21/1000], Loss: 0.3174
Epoch [22/1000], Loss: 0.3010
Epoch [23/1000], Loss: 0.2937
Epoch [24/1000], Loss: 0.2960
Epoch [25/1000], Loss: 0.2896
Epoch [26/1000], Loss: 0.2716
Epoch [27/1000], Loss: 0.2783
Early stopping triggered.
Test Accuracy: 0.8100
all_predictions = 
[2, 2, 2, 2, 2, 2, 2, 2, 0, 2, 2, 2, 2, 0, 2, 2, 2, 2, 2, 2, 2, 2, 2, 0, 2, 0, 2, 2, 2, 2, 2, 0, 2, 2, 2, 2, 2, 0, 2, 2, 2, 2, 2, 2, 2, 0, 2, 0, 0, 0, 2, 2, 2, 2, 0, 2, 2, 2, 2, 2, 2, 0, 2, 2, 2, 2, 0, 2, 2, 2, 2, 2, 0, 0, 2, 2, 2, 2, 2, 2, 2, 2, 2, 2, 2, 2, 0, 0, 2, 2, 2, 2, 2, 2, 2, 2, 0, 2, 2, 2]
all_targets = 
[2, 2, 2, 2, 2, 2, 2, 1, 0, 2, 0, 0, 2, 0, 2, 2, 2, 0, 2, 2, 2, 2, 2, 0, 0, 2, 2, 2, 2, 2, 2, 0, 2, 2, 2, 2, 0, 0, 0, 2, 2, 0, 2, 2, 2, 0, 2, 0, 0, 0, 2, 2, 2, 2, 0, 2, 2, 2, 0, 2, 2, 0, 2, 2, 2, 0, 0, 2, 2, 2, 0, 1, 2, 0, 2, 0, 2, 2, 2, 2, 2, 2, 2, 2, 2, 1, 0, 0, 2, 2, 2, 0, 2, 2, 2, 2, 2, 2, 0, 2]
