Epoch [1/1000], Loss: 0.9024
Epoch [2/1000], Loss: 0.7456
Epoch [3/1000], Loss: 0.7062
Epoch [4/1000], Loss: 0.6673
Epoch [5/1000], Loss: 0.6257
Epoch [6/1000], Loss: 0.5938
Epoch [7/1000], Loss: 0.5646
Epoch [8/1000], Loss: 0.5331
Epoch [9/1000], Loss: 0.4957
Epoch [10/1000], Loss: 0.4864
Epoch [11/1000], Loss: 0.4676
Epoch [12/1000], Loss: 0.4786
Epoch [13/1000], Loss: 0.4627
Epoch [14/1000], Loss: 0.4207
Epoch [15/1000], Loss: 0.4160
Epoch [16/1000], Loss: 0.4040
Epoch [17/1000], Loss: 0.3889
Epoch [18/1000], Loss: 0.3754
Epoch [19/1000], Loss: 0.3790
Epoch [20/1000], Loss: 0.3702
Epoch [21/1000], Loss: 0.3588
Epoch [22/1000], Loss: 0.3535
Epoch [23/1000], Loss: 0.3475
Epoch [24/1000], Loss: 0.3375
Epoch [25/1000], Loss: 0.3386
Epoch [26/1000], Loss: 0.3242
Epoch [27/1000], Loss: 0.3211
Epoch [28/1000], Loss: 0.3260
Epoch [29/1000], Loss: 0.3230
Epoch [30/1000], Loss: 0.3135
Epoch [31/1000], Loss: 0.3039
Early stopping triggered.
Test Accuracy: 0.8057
all_predictions = 
[0, 2, 2, 2, 0, 1, 1, 1, 1, 0, 1, 0, 1, 1, 1, 1, 0, 0, 1, 1, 1, 0, 2, 0, 2, 0, 2, 2, 1, 0, 0, 1, 0, 2, 1, 1, 2, 1, 0, 0, 1, 1, 2, 0, 2, 1, 0, 0, 0, 1, 2, 0, 1, 1, 0, 0, 0, 0, 1, 1, 2, 1, 0, 1, 1, 2, 0, 0, 2, 0, 0, 2, 1, 0, 1, 0, 0, 2, 0, 2, 2, 0, 1, 0, 2, 2, 1, 2, 2, 0, 2, 0, 2, 2, 2, 2, 0, 2, 2, 2, 2, 2, 1, 1, 1, 1, 2, 2, 2, 2, 0, 1, 2, 2, 2, 0, 2, 2, 2, 1, 0, 0, 0, 1, 1, 1, 0, 2, 1, 1, 1, 0, 1, 2, 1, 2, 2, 0, 2, 1, 2, 2, 1, 0, 1, 0, 2, 1, 2, 1, 1, 2, 0, 1, 1, 1, 1, 1, 1, 1, 1, 1, 1, 0, 0, 1, 1, 2, 0, 0, 1, 2, 2, 1, 0, 1, 1, 0, 1, 1, 0, 1, 2, 1, 0, 2, 1, 0, 2, 1, 2, 0, 0, 0, 0, 0, 2, 1, 1, 1, 0, 1, 2, 1, 2, 0, 0, 0, 1, 1, 0]
all_targets = 
[0, 2, 2, 2, 0, 1, 1, 1, 1, 0, 1, 0, 2, 2, 2, 1, 0, 0, 1, 1, 1, 0, 2, 0, 2, 0, 1, 2, 1, 0, 0, 1, 0, 2, 1, 1, 2, 0, 0, 0, 1, 1, 2, 1, 2, 2, 0, 0, 1, 1, 1, 0, 1, 2, 0, 0, 0, 0, 2, 1, 2, 1, 0, 1, 1, 2, 1, 0, 2, 0, 0, 1, 1, 0, 2, 0, 0, 2, 0, 2, 2, 0, 1, 1, 2, 2, 1, 2, 2, 0, 2, 0, 0, 2, 2, 2, 0, 2, 2, 2, 2, 2, 1, 1, 1, 1, 2, 2, 2, 2, 1, 1, 2, 2, 2, 0, 1, 2, 2, 1, 0, 1, 1, 1, 1, 1, 0, 2, 1, 1, 0, 1, 1, 1, 1, 1, 2, 0, 1, 1, 2, 2, 1, 0, 1, 1, 2, 1, 2, 1, 1, 2, 0, 2, 1, 1, 1, 1, 1, 1, 2, 2, 1, 1, 0, 2, 1, 2, 0, 0, 2, 2, 2, 1, 1, 1, 2, 0, 1, 1, 1, 0, 2, 1, 0, 2, 2, 0, 2, 0, 2, 0, 1, 1, 0, 0, 2, 1, 1, 1, 0, 1, 2, 1, 2, 0, 0, 0, 1, 2, 0]
