Epoch [1/1000], Loss: 0.7282
Epoch [2/1000], Loss: 0.6415
Epoch [3/1000], Loss: 0.5480
Epoch [4/1000], Loss: 0.5161
Epoch [5/1000], Loss: 0.4724
Epoch [6/1000], Loss: 0.4202
Epoch [7/1000], Loss: 0.3909
Epoch [8/1000], Loss: 0.3753
Epoch [9/1000], Loss: 0.3504
Epoch [10/1000], Loss: 0.3320
Epoch [11/1000], Loss: 0.3169
Epoch [12/1000], Loss: 0.3117
Epoch [13/1000], Loss: 0.2825
Epoch [14/1000], Loss: 0.2832
Epoch [15/1000], Loss: 0.2718
Epoch [16/1000], Loss: 0.2416
Epoch [17/1000], Loss: 0.2285
Epoch [18/1000], Loss: 0.2133
Epoch [19/1000], Loss: 0.2227
Epoch [20/1000], Loss: 0.1907
Epoch [21/1000], Loss: 0.2019
Epoch [22/1000], Loss: 0.1968
Early stopping triggered.
Test Accuracy: 0.8500
all_predictions = 
[2, 2, 2, 2, 2, 2, 2, 0, 0, 0, 0, 0, 2, 0, 2, 2, 2, 0, 2, 2, 2, 2, 2, 0, 0, 0, 2, 2, 2, 0, 0, 0, 2, 2, 2, 2, 0, 0, 0, 2, 0, 2, 2, 2, 2, 0, 2, 0, 0, 0, 2, 2, 2, 2, 0, 2, 2, 2, 0, 2, 0, 0, 2, 2, 2, 2, 0, 2, 2, 2, 0, 2, 0, 0, 2, 0, 2, 2, 2, 2, 2, 2, 2, 2, 2, 0, 0, 0, 2, 0, 2, 0, 2, 2, 2, 0, 0, 2, 0, 2]
all_targets = 
[2, 2, 2, 2, 2, 2, 2, 1, 0, 2, 0, 0, 2, 0, 2, 2, 2, 0, 2, 2, 2, 2, 2, 0, 0, 2, 2, 2, 2, 2, 2, 0, 2, 2, 2, 2, 0, 0, 0, 2, 2, 0, 2, 2, 2, 0, 2, 0, 0, 0, 2, 2, 2, 2, 0, 2, 2, 2, 0, 2, 2, 0, 2, 2, 2, 0, 0, 2, 2, 2, 0, 1, 2, 0, 2, 0, 2, 2, 2, 2, 2, 2, 2, 2, 2, 1, 0, 0, 2, 2, 2, 0, 2, 2, 2, 2, 2, 2, 0, 2]
