Epoch [1/1000], Loss: 0.7482
Epoch [2/1000], Loss: 0.6600
Epoch [3/1000], Loss: 0.5785
Epoch [4/1000], Loss: 0.4924
Epoch [5/1000], Loss: 0.4400
Epoch [6/1000], Loss: 0.3986
Epoch [7/1000], Loss: 0.3666
Epoch [8/1000], Loss: 0.3627
Epoch [9/1000], Loss: 0.3285
Epoch [10/1000], Loss: 0.3045
Epoch [11/1000], Loss: 0.2957
Epoch [12/1000], Loss: 0.2681
Epoch [13/1000], Loss: 0.2576
Epoch [14/1000], Loss: 0.2593
Epoch [15/1000], Loss: 0.2710
Epoch [16/1000], Loss: 0.2430
Epoch [17/1000], Loss: 0.2276
Epoch [18/1000], Loss: 0.2168
Epoch [19/1000], Loss: 0.2049
Epoch [20/1000], Loss: 0.2130
Epoch [21/1000], Loss: 0.2022
Epoch [22/1000], Loss: 0.1969
Epoch [23/1000], Loss: 0.1898
Epoch [24/1000], Loss: 0.1875
Epoch [25/1000], Loss: 0.1896
Epoch [26/1000], Loss: 0.1826
Epoch [27/1000], Loss: 0.1893
Epoch [28/1000], Loss: 0.1779
Epoch [29/1000], Loss: 0.1703
Early stopping triggered.
Test Accuracy: 0.8900
all_predictions = 
[2, 2, 2, 2, 2, 2, 2, 0, 0, 2, 0, 0, 2, 0, 2, 2, 2, 0, 2, 2, 2, 2, 2, 0, 0, 0, 2, 2, 2, 0, 0, 0, 2, 2, 2, 2, 0, 0, 2, 2, 2, 2, 2, 2, 2, 0, 2, 0, 0, 0, 2, 2, 2, 2, 0, 2, 2, 2, 0, 2, 2, 0, 2, 2, 2, 0, 0, 2, 2, 2, 2, 2, 0, 0, 2, 0, 2, 2, 2, 2, 2, 2, 2, 2, 2, 0, 0, 0, 2, 2, 2, 0, 2, 2, 2, 2, 0, 2, 0, 2]
all_targets = 
[2, 2, 2, 2, 2, 2, 2, 1, 0, 2, 0, 0, 2, 0, 2, 2, 2, 0, 2, 2, 2, 2, 2, 0, 0, 2, 2, 2, 2, 2, 2, 0, 2, 2, 2, 2, 0, 0, 0, 2, 2, 0, 2, 2, 2, 0, 2, 0, 0, 0, 2, 2, 2, 2, 0, 2, 2, 2, 0, 2, 2, 0, 2, 2, 2, 0, 0, 2, 2, 2, 0, 1, 2, 0, 2, 0, 2, 2, 2, 2, 2, 2, 2, 2, 2, 1, 0, 0, 2, 2, 2, 0, 2, 2, 2, 2, 2, 2, 0, 2]
