Epoch [1/1000], Loss: 1.0974
Epoch [2/1000], Loss: 0.9293
Epoch [3/1000], Loss: 0.7410
Epoch [4/1000], Loss: 0.6710
Epoch [5/1000], Loss: 0.6287
Epoch [6/1000], Loss: 0.5900
Epoch [7/1000], Loss: 0.5582
Epoch [8/1000], Loss: 0.5273
Epoch [9/1000], Loss: 0.5070
Epoch [10/1000], Loss: 0.4890
Epoch [11/1000], Loss: 0.4678
Epoch [12/1000], Loss: 0.4555
Epoch [13/1000], Loss: 0.4398
Epoch [14/1000], Loss: 0.4355
Epoch [15/1000], Loss: 0.4180
Epoch [16/1000], Loss: 0.4038
Epoch [17/1000], Loss: 0.3934
Epoch [18/1000], Loss: 0.3775
Epoch [19/1000], Loss: 0.3739
Epoch [20/1000], Loss: 0.3653
Epoch [21/1000], Loss: 0.3503
Epoch [22/1000], Loss: 0.3509
Epoch [23/1000], Loss: 0.3398
Epoch [24/1000], Loss: 0.3349
Epoch [25/1000], Loss: 0.3337
Epoch [26/1000], Loss: 0.3321
Epoch [27/1000], Loss: 0.3135
Epoch [28/1000], Loss: 0.3230
Epoch [29/1000], Loss: 0.3170
Epoch [30/1000], Loss: 0.3188
Epoch [31/1000], Loss: 0.3175
Epoch [32/1000], Loss: 0.3102
Epoch [33/1000], Loss: 0.3072
Epoch [34/1000], Loss: 0.3008
Epoch [35/1000], Loss: 0.2942
Epoch [36/1000], Loss: 0.2909
Epoch [37/1000], Loss: 0.2890
Early stopping triggered.
Test Accuracy: 0.8436
all_predictions = 
[0, 2, 2, 2, 0, 1, 1, 1, 1, 0, 1, 0, 0, 1, 1, 1, 0, 0, 1, 1, 1, 0, 2, 0, 2, 0, 2, 2, 1, 1, 0, 1, 0, 2, 1, 1, 2, 1, 0, 0, 1, 1, 2, 1, 2, 1, 0, 0, 1, 1, 2, 0, 1, 1, 0, 0, 0, 0, 1, 1, 2, 1, 0, 2, 1, 2, 1, 0, 2, 0, 0, 2, 1, 0, 1, 0, 0, 2, 0, 2, 2, 0, 1, 1, 2, 1, 1, 2, 2, 0, 2, 0, 1, 2, 2, 2, 1, 2, 2, 2, 2, 2, 1, 0, 1, 1, 2, 2, 2, 2, 1, 1, 2, 2, 2, 0, 1, 2, 2, 1, 0, 1, 1, 1, 1, 1, 0, 2, 1, 1, 1, 1, 1, 2, 1, 2, 2, 0, 2, 1, 2, 2, 1, 0, 1, 1, 2, 1, 2, 1, 1, 2, 0, 1, 1, 1, 1, 1, 1, 1, 1, 1, 1, 1, 0, 1, 1, 2, 0, 0, 1, 2, 2, 1, 0, 1, 1, 0, 1, 1, 1, 1, 2, 1, 0, 2, 1, 0, 2, 1, 2, 1, 1, 1, 0, 0, 2, 1, 1, 1, 0, 1, 2, 1, 2, 0, 0, 0, 1, 1, 0]
all_targets = 
[0, 2, 2, 2, 0, 1, 1, 1, 1, 0, 1, 0, 2, 2, 2, 1, 0, 0, 1, 1, 1, 0, 2, 0, 2, 0, 1, 2, 1, 0, 0, 1, 0, 2, 1, 1, 2, 0, 0, 0, 1, 1, 2, 1, 2, 2, 0, 0, 1, 1, 1, 0, 1, 2, 0, 0, 0, 0, 2, 1, 2, 1, 0, 1, 1, 2, 1, 0, 2, 0, 0, 1, 1, 0, 2, 0, 0, 2, 0, 2, 2, 0, 1, 1, 2, 2, 1, 2, 2, 0, 2, 0, 0, 2, 2, 2, 0, 2, 2, 2, 2, 2, 1, 1, 1, 1, 2, 2, 2, 2, 1, 1, 2, 2, 2, 0, 1, 2, 2, 1, 0, 1, 1, 1, 1, 1, 0, 2, 1, 1, 0, 1, 1, 1, 1, 1, 2, 0, 1, 1, 2, 2, 1, 0, 1, 1, 2, 1, 2, 1, 1, 2, 0, 2, 1, 1, 1, 1, 1, 1, 2, 2, 1, 1, 0, 2, 1, 2, 0, 0, 2, 2, 2, 1, 1, 1, 2, 0, 1, 1, 1, 0, 2, 1, 0, 2, 2, 0, 2, 0, 2, 0, 1, 1, 0, 0, 2, 1, 1, 1, 0, 1, 2, 1, 2, 0, 0, 0, 1, 2, 0]
