Epoch [1/1000], Loss: 1.0217
Epoch [2/1000], Loss: 0.7648
Epoch [3/1000], Loss: 0.6781
Epoch [4/1000], Loss: 0.6304
Epoch [5/1000], Loss: 0.6040
Epoch [6/1000], Loss: 0.5715
Epoch [7/1000], Loss: 0.5470
Epoch [8/1000], Loss: 0.5224
Epoch [9/1000], Loss: 0.5103
Epoch [10/1000], Loss: 0.5034
Epoch [11/1000], Loss: 0.4902
Epoch [12/1000], Loss: 0.4718
Epoch [13/1000], Loss: 0.4696
Epoch [14/1000], Loss: 0.4491
Epoch [15/1000], Loss: 0.4536
Epoch [16/1000], Loss: 0.4515
Epoch [17/1000], Loss: 0.4434
Epoch [18/1000], Loss: 0.4176
Epoch [19/1000], Loss: 0.4209
Epoch [20/1000], Loss: 0.4250
Epoch [21/1000], Loss: 0.4201
Epoch [22/1000], Loss: 0.4114
Epoch [23/1000], Loss: 0.4108
Epoch [24/1000], Loss: 0.4104
Epoch [25/1000], Loss: 0.3912
Epoch [26/1000], Loss: 0.3987
Epoch [27/1000], Loss: 0.3867
Epoch [28/1000], Loss: 0.3922
Epoch [29/1000], Loss: 0.3887
Epoch [30/1000], Loss: 0.3781
Epoch [31/1000], Loss: 0.3769
Epoch [32/1000], Loss: 0.3826
Epoch [33/1000], Loss: 0.3711
Early stopping triggered.
Test Accuracy: 0.8057
all_predictions = 
[0, 2, 2, 2, 0, 1, 1, 1, 1, 0, 1, 0, 0, 1, 0, 1, 0, 0, 1, 1, 1, 0, 2, 0, 2, 0, 2, 2, 1, 0, 0, 1, 0, 2, 1, 1, 2, 1, 0, 0, 1, 1, 2, 1, 2, 1, 0, 0, 0, 1, 2, 0, 1, 1, 0, 0, 0, 0, 1, 1, 2, 1, 0, 1, 1, 2, 0, 0, 2, 0, 0, 2, 1, 0, 1, 0, 0, 2, 0, 2, 2, 0, 1, 0, 2, 1, 1, 2, 2, 0, 2, 0, 2, 2, 2, 2, 1, 2, 2, 2, 2, 2, 1, 1, 0, 0, 2, 2, 2, 2, 0, 1, 2, 2, 2, 0, 1, 2, 2, 1, 0, 0, 1, 1, 1, 1, 0, 2, 1, 1, 1, 1, 1, 2, 1, 2, 2, 0, 2, 1, 2, 2, 1, 0, 1, 0, 2, 0, 2, 1, 1, 2, 0, 1, 1, 1, 1, 1, 1, 1, 1, 0, 1, 0, 0, 1, 1, 2, 0, 0, 1, 2, 2, 1, 0, 1, 1, 0, 1, 1, 0, 1, 2, 1, 0, 2, 1, 0, 2, 1, 2, 0, 1, 1, 0, 0, 2, 1, 1, 1, 0, 1, 2, 0, 2, 0, 0, 0, 1, 1, 0]
all_targets = 
[0, 2, 2, 2, 0, 1, 1, 1, 1, 0, 1, 0, 2, 2, 2, 1, 0, 0, 1, 1, 1, 0, 2, 0, 2, 0, 1, 2, 1, 0, 0, 1, 0, 2, 1, 1, 2, 0, 0, 0, 1, 1, 2, 1, 2, 2, 0, 0, 1, 1, 1, 0, 1, 2, 0, 0, 0, 0, 2, 1, 2, 1, 0, 1, 1, 2, 1, 0, 2, 0, 0, 1, 1, 0, 2, 0, 0, 2, 0, 2, 2, 0, 1, 1, 2, 2, 1, 2, 2, 0, 2, 0, 0, 2, 2, 2, 0, 2, 2, 2, 2, 2, 1, 1, 1, 1, 2, 2, 2, 2, 1, 1, 2, 2, 2, 0, 1, 2, 2, 1, 0, 1, 1, 1, 1, 1, 0, 2, 1, 1, 0, 1, 1, 1, 1, 1, 2, 0, 1, 1, 2, 2, 1, 0, 1, 1, 2, 1, 2, 1, 1, 2, 0, 2, 1, 1, 1, 1, 1, 1, 2, 2, 1, 1, 0, 2, 1, 2, 0, 0, 2, 2, 2, 1, 1, 1, 2, 0, 1, 1, 1, 0, 2, 1, 0, 2, 2, 0, 2, 0, 2, 0, 1, 1, 0, 0, 2, 1, 1, 1, 0, 1, 2, 1, 2, 0, 0, 0, 1, 2, 0]
