Epoch [1/1000], Loss: 0.8063
Epoch [2/1000], Loss: 0.6586
Epoch [3/1000], Loss: 0.6227
Epoch [4/1000], Loss: 0.5767
Epoch [5/1000], Loss: 0.5246
Epoch [6/1000], Loss: 0.4753
Epoch [7/1000], Loss: 0.4285
Epoch [8/1000], Loss: 0.3895
Epoch [9/1000], Loss: 0.3566
Epoch [10/1000], Loss: 0.3457
Epoch [11/1000], Loss: 0.3222
Epoch [12/1000], Loss: 0.3147
Epoch [13/1000], Loss: 0.3080
Epoch [14/1000], Loss: 0.2893
Epoch [15/1000], Loss: 0.2841
Early stopping triggered.
Test Accuracy: 0.8000
all_predictions = 
[2, 2, 2, 2, 2, 2, 2, 0, 0, 0, 0, 0, 2, 0, 2, 2, 2, 0, 2, 2, 2, 2, 2, 0, 2, 0, 2, 2, 2, 0, 0, 0, 2, 2, 2, 2, 0, 0, 2, 0, 0, 2, 2, 2, 2, 0, 2, 0, 0, 0, 2, 2, 2, 2, 2, 2, 2, 2, 0, 2, 0, 0, 2, 2, 2, 2, 0, 2, 2, 2, 2, 2, 0, 0, 2, 0, 2, 2, 2, 2, 2, 2, 2, 2, 2, 2, 0, 0, 2, 2, 2, 2, 2, 2, 0, 2, 0, 2, 0, 2]
all_targets = 
[2, 2, 2, 2, 2, 2, 2, 1, 0, 2, 0, 0, 2, 0, 2, 2, 2, 0, 2, 2, 2, 2, 2, 0, 0, 2, 2, 2, 2, 2, 2, 0, 2, 2, 2, 2, 0, 0, 0, 2, 2, 0, 2, 2, 2, 0, 2, 0, 0, 0, 2, 2, 2, 2, 0, 2, 2, 2, 0, 2, 2, 0, 2, 2, 2, 0, 0, 2, 2, 2, 0, 1, 2, 0, 2, 0, 2, 2, 2, 2, 2, 2, 2, 2, 2, 1, 0, 0, 2, 2, 2, 0, 2, 2, 2, 2, 2, 2, 0, 2]
