Epoch [1/1000], Loss: 1.0398
Epoch [2/1000], Loss: 0.6794
Epoch [3/1000], Loss: 0.6636
Epoch [4/1000], Loss: 0.6356
Epoch [5/1000], Loss: 0.5704
Epoch [6/1000], Loss: 0.5115
Epoch [7/1000], Loss: 0.5009
Epoch [8/1000], Loss: 0.4793
Epoch [9/1000], Loss: 0.4539
Epoch [10/1000], Loss: 0.4240
Epoch [11/1000], Loss: 0.3994
Epoch [12/1000], Loss: 0.3722
Epoch [13/1000], Loss: 0.3543
Epoch [14/1000], Loss: 0.3465
Epoch [15/1000], Loss: 0.3131
Epoch [16/1000], Loss: 0.2877
Epoch [17/1000], Loss: 0.2679
Epoch [18/1000], Loss: 0.2561
Epoch [19/1000], Loss: 0.2415
Epoch [20/1000], Loss: 0.2269
Epoch [21/1000], Loss: 0.2211
Epoch [22/1000], Loss: 0.2176
Epoch [23/1000], Loss: 0.2073
Epoch [24/1000], Loss: 0.1993
Epoch [25/1000], Loss: 0.1995
Early stopping triggered.
Test Accuracy: 0.8000
all_predictions = 
[2, 2, 2, 2, 2, 2, 2, 0, 0, 2, 2, 2, 2, 0, 2, 2, 2, 0, 2, 2, 2, 2, 2, 0, 2, 0, 2, 2, 2, 2, 2, 0, 2, 2, 2, 2, 2, 0, 2, 2, 2, 2, 2, 2, 2, 0, 2, 0, 0, 0, 2, 2, 2, 2, 2, 2, 2, 2, 2, 2, 0, 0, 2, 2, 2, 2, 0, 2, 2, 2, 2, 2, 0, 0, 2, 2, 2, 2, 2, 2, 2, 2, 2, 2, 2, 2, 0, 0, 2, 2, 2, 2, 2, 2, 2, 2, 0, 2, 2, 2]
all_targets = 
[2, 2, 2, 2, 2, 2, 2, 1, 0, 2, 0, 0, 2, 0, 2, 2, 2, 0, 2, 2, 2, 2, 2, 0, 0, 2, 2, 2, 2, 2, 2, 0, 2, 2, 2, 2, 0, 0, 0, 2, 2, 0, 2, 2, 2, 0, 2, 0, 0, 0, 2, 2, 2, 2, 0, 2, 2, 2, 0, 2, 2, 0, 2, 2, 2, 0, 0, 2, 2, 2, 0, 1, 2, 0, 2, 0, 2, 2, 2, 2, 2, 2, 2, 2, 2, 1, 0, 0, 2, 2, 2, 0, 2, 2, 2, 2, 2, 2, 0, 2]
