Epoch [1/1000], Loss: 1.1070
Epoch [2/1000], Loss: 1.0836
Epoch [3/1000], Loss: 1.0368
Epoch [4/1000], Loss: 0.8385
Epoch [5/1000], Loss: 0.7366
Epoch [6/1000], Loss: 0.7035
Epoch [7/1000], Loss: 0.6835
Epoch [8/1000], Loss: 0.6619
Epoch [9/1000], Loss: 0.6351
Epoch [10/1000], Loss: 0.6229
Epoch [11/1000], Loss: 0.6000
Epoch [12/1000], Loss: 0.5698
Epoch [13/1000], Loss: 0.5639
Epoch [14/1000], Loss: 0.5424
Epoch [15/1000], Loss: 0.5319
Epoch [16/1000], Loss: 0.5131
Epoch [17/1000], Loss: 0.4937
Epoch [18/1000], Loss: 0.4730
Epoch [19/1000], Loss: 0.4730
Epoch [20/1000], Loss: 0.4707
Epoch [21/1000], Loss: 0.4467
Epoch [22/1000], Loss: 0.4346
Epoch [23/1000], Loss: 0.4351
Epoch [24/1000], Loss: 0.4330
Epoch [25/1000], Loss: 0.4411
Epoch [26/1000], Loss: 0.4282
Epoch [27/1000], Loss: 0.4084
Epoch [28/1000], Loss: 0.4102
Epoch [29/1000], Loss: 0.4189
Epoch [30/1000], Loss: 0.4071
Epoch [31/1000], Loss: 0.3939
Epoch [32/1000], Loss: 0.4085
Epoch [33/1000], Loss: 0.3810
Epoch [34/1000], Loss: 0.3837
Epoch [35/1000], Loss: 0.3830
Epoch [36/1000], Loss: 0.3915
Epoch [37/1000], Loss: 0.3880
Early stopping triggered.
Test Accuracy: 0.8104
all_predictions = 
[0, 2, 2, 2, 0, 1, 1, 1, 1, 0, 1, 0, 0, 1, 1, 1, 0, 0, 1, 1, 1, 0, 2, 0, 2, 0, 2, 2, 1, 0, 0, 1, 0, 2, 1, 1, 2, 1, 0, 0, 1, 1, 2, 0, 2, 1, 0, 0, 0, 1, 2, 0, 1, 1, 0, 0, 0, 0, 1, 1, 2, 1, 0, 2, 1, 2, 0, 0, 2, 0, 0, 2, 1, 0, 1, 0, 0, 2, 0, 2, 2, 0, 1, 0, 2, 1, 1, 2, 2, 0, 2, 0, 2, 2, 2, 2, 0, 2, 2, 2, 2, 2, 1, 1, 1, 1, 2, 2, 2, 2, 1, 1, 2, 2, 2, 0, 2, 2, 2, 1, 0, 0, 1, 1, 1, 1, 0, 2, 1, 1, 0, 1, 1, 2, 1, 2, 2, 0, 2, 1, 2, 2, 1, 0, 1, 0, 2, 0, 2, 1, 1, 2, 0, 1, 1, 1, 1, 1, 1, 1, 1, 0, 1, 0, 0, 1, 1, 2, 0, 0, 2, 2, 2, 1, 0, 1, 1, 0, 1, 1, 0, 1, 2, 1, 0, 2, 1, 0, 2, 1, 2, 0, 0, 0, 0, 0, 2, 1, 1, 1, 0, 1, 2, 0, 2, 0, 0, 0, 1, 1, 0]
all_targets = 
[0, 2, 2, 2, 0, 1, 1, 1, 1, 0, 1, 0, 2, 2, 2, 1, 0, 0, 1, 1, 1, 0, 2, 0, 2, 0, 1, 2, 1, 0, 0, 1, 0, 2, 1, 1, 2, 0, 0, 0, 1, 1, 2, 1, 2, 2, 0, 0, 1, 1, 1, 0, 1, 2, 0, 0, 0, 0, 2, 1, 2, 1, 0, 1, 1, 2, 1, 0, 2, 0, 0, 1, 1, 0, 2, 0, 0, 2, 0, 2, 2, 0, 1, 1, 2, 2, 1, 2, 2, 0, 2, 0, 0, 2, 2, 2, 0, 2, 2, 2, 2, 2, 1, 1, 1, 1, 2, 2, 2, 2, 1, 1, 2, 2, 2, 0, 1, 2, 2, 1, 0, 1, 1, 1, 1, 1, 0, 2, 1, 1, 0, 1, 1, 1, 1, 1, 2, 0, 1, 1, 2, 2, 1, 0, 1, 1, 2, 1, 2, 1, 1, 2, 0, 2, 1, 1, 1, 1, 1, 1, 2, 2, 1, 1, 0, 2, 1, 2, 0, 0, 2, 2, 2, 1, 1, 1, 2, 0, 1, 1, 1, 0, 2, 1, 0, 2, 2, 0, 2, 0, 2, 0, 1, 1, 0, 0, 2, 1, 1, 1, 0, 1, 2, 1, 2, 0, 0, 0, 1, 2, 0]
