Epoch [1/1000], Loss: 0.6555
Epoch [2/1000], Loss: 0.5559
Epoch [3/1000], Loss: 0.5146
Epoch [4/1000], Loss: 0.4774
Epoch [5/1000], Loss: 0.4398
Epoch [6/1000], Loss: 0.4220
Epoch [7/1000], Loss: 0.3955
Epoch [8/1000], Loss: 0.3834
Epoch [9/1000], Loss: 0.3618
Epoch [10/1000], Loss: 0.3390
Epoch [11/1000], Loss: 0.3388
Epoch [12/1000], Loss: 0.3384
Epoch [13/1000], Loss: 0.3108
Epoch [14/1000], Loss: 0.2970
Epoch [15/1000], Loss: 0.2929
Epoch [16/1000], Loss: 0.2946
Epoch [17/1000], Loss: 0.2731
Epoch [18/1000], Loss: 0.2695
Epoch [19/1000], Loss: 0.2559
Epoch [20/1000], Loss: 0.2547
Epoch [21/1000], Loss: 0.2563
Epoch [22/1000], Loss: 0.2491
Epoch [23/1000], Loss: 0.2476
Early stopping triggered.
Test Accuracy: 0.8400
all_predictions = 
[2, 2, 2, 2, 2, 2, 2, 2, 0, 0, 0, 0, 2, 0, 2, 2, 2, 0, 2, 2, 2, 2, 2, 0, 2, 2, 2, 2, 2, 0, 2, 0, 2, 2, 2, 2, 2, 0, 2, 2, 2, 2, 2, 2, 2, 0, 2, 0, 0, 0, 2, 2, 2, 2, 2, 2, 2, 2, 0, 2, 2, 0, 2, 2, 2, 2, 0, 2, 2, 2, 2, 2, 0, 0, 2, 2, 2, 2, 2, 2, 2, 2, 2, 2, 2, 2, 0, 0, 2, 2, 2, 2, 2, 2, 2, 2, 0, 2, 0, 2]
all_targets = 
[2, 2, 2, 2, 2, 2, 2, 1, 0, 2, 0, 0, 2, 0, 2, 2, 2, 0, 2, 2, 2, 2, 2, 0, 0, 2, 2, 2, 2, 2, 2, 0, 2, 2, 2, 2, 0, 0, 0, 2, 2, 0, 2, 2, 2, 0, 2, 0, 0, 0, 2, 2, 2, 2, 0, 2, 2, 2, 0, 2, 2, 0, 2, 2, 2, 0, 0, 2, 2, 2, 0, 1, 2, 0, 2, 0, 2, 2, 2, 2, 2, 2, 2, 2, 2, 1, 0, 0, 2, 2, 2, 0, 2, 2, 2, 2, 2, 2, 0, 2]
