Epoch [1/1000], Loss: 1.0511
Epoch [2/1000], Loss: 0.7969
Epoch [3/1000], Loss: 0.6993
Epoch [4/1000], Loss: 0.6591
Epoch [5/1000], Loss: 0.6162
Epoch [6/1000], Loss: 0.5845
Epoch [7/1000], Loss: 0.5558
Epoch [8/1000], Loss: 0.5341
Epoch [9/1000], Loss: 0.5032
Epoch [10/1000], Loss: 0.4781
Epoch [11/1000], Loss: 0.4629
Epoch [12/1000], Loss: 0.4369
Epoch [13/1000], Loss: 0.4375
Epoch [14/1000], Loss: 0.4237
Epoch [15/1000], Loss: 0.4263
Epoch [16/1000], Loss: 0.4144
Epoch [17/1000], Loss: 0.3995
Epoch [18/1000], Loss: 0.3810
Epoch [19/1000], Loss: 0.4053
Epoch [20/1000], Loss: 0.4044
Epoch [21/1000], Loss: 0.3728
Epoch [22/1000], Loss: 0.3723
Epoch [23/1000], Loss: 0.3877
Epoch [24/1000], Loss: 0.3541
Epoch [25/1000], Loss: 0.3608
Epoch [26/1000], Loss: 0.3467
Epoch [27/1000], Loss: 0.3468
Epoch [28/1000], Loss: 0.3424
Epoch [29/1000], Loss: 0.3369
Early stopping triggered.
Test Accuracy: 0.8294
all_predictions = 
[0, 2, 2, 2, 0, 1, 1, 1, 1, 0, 1, 0, 0, 1, 1, 1, 0, 0, 1, 1, 1, 0, 2, 0, 2, 0, 2, 2, 1, 0, 0, 1, 0, 2, 1, 1, 2, 1, 0, 0, 1, 1, 2, 1, 2, 1, 0, 0, 0, 1, 2, 0, 1, 1, 0, 0, 0, 0, 1, 1, 2, 1, 0, 1, 1, 2, 0, 0, 2, 0, 0, 2, 1, 0, 1, 0, 0, 2, 0, 2, 2, 0, 1, 0, 2, 1, 1, 2, 2, 0, 2, 0, 2, 2, 2, 2, 0, 2, 2, 2, 2, 2, 1, 1, 1, 1, 2, 2, 2, 2, 1, 1, 2, 2, 2, 0, 1, 2, 2, 1, 0, 0, 1, 1, 1, 1, 0, 2, 1, 1, 1, 1, 1, 2, 1, 2, 2, 0, 2, 1, 2, 2, 1, 0, 1, 0, 2, 0, 2, 1, 1, 2, 0, 1, 1, 1, 1, 1, 1, 1, 1, 0, 1, 0, 0, 1, 1, 2, 0, 0, 1, 2, 2, 1, 0, 1, 1, 0, 1, 1, 0, 1, 2, 1, 0, 2, 1, 0, 2, 1, 2, 0, 1, 1, 0, 0, 2, 1, 1, 1, 0, 1, 2, 1, 2, 0, 0, 0, 1, 1, 0]
all_targets = 
[0, 2, 2, 2, 0, 1, 1, 1, 1, 0, 1, 0, 2, 2, 2, 1, 0, 0, 1, 1, 1, 0, 2, 0, 2, 0, 1, 2, 1, 0, 0, 1, 0, 2, 1, 1, 2, 0, 0, 0, 1, 1, 2, 1, 2, 2, 0, 0, 1, 1, 1, 0, 1, 2, 0, 0, 0, 0, 2, 1, 2, 1, 0, 1, 1, 2, 1, 0, 2, 0, 0, 1, 1, 0, 2, 0, 0, 2, 0, 2, 2, 0, 1, 1, 2, 2, 1, 2, 2, 0, 2, 0, 0, 2, 2, 2, 0, 2, 2, 2, 2, 2, 1, 1, 1, 1, 2, 2, 2, 2, 1, 1, 2, 2, 2, 0, 1, 2, 2, 1, 0, 1, 1, 1, 1, 1, 0, 2, 1, 1, 0, 1, 1, 1, 1, 1, 2, 0, 1, 1, 2, 2, 1, 0, 1, 1, 2, 1, 2, 1, 1, 2, 0, 2, 1, 1, 1, 1, 1, 1, 2, 2, 1, 1, 0, 2, 1, 2, 0, 0, 2, 2, 2, 1, 1, 1, 2, 0, 1, 1, 1, 0, 2, 1, 0, 2, 2, 0, 2, 0, 2, 0, 1, 1, 0, 0, 2, 1, 1, 1, 0, 1, 2, 1, 2, 0, 0, 0, 1, 2, 0]
