Epoch [1/1000], Loss: 1.0641
Epoch [2/1000], Loss: 0.8694
Epoch [3/1000], Loss: 0.7690
Epoch [4/1000], Loss: 0.7067
Epoch [5/1000], Loss: 0.6643
Epoch [6/1000], Loss: 0.6243
Epoch [7/1000], Loss: 0.6073
Epoch [8/1000], Loss: 0.5779
Epoch [9/1000], Loss: 0.5485
Epoch [10/1000], Loss: 0.5242
Epoch [11/1000], Loss: 0.5186
Epoch [12/1000], Loss: 0.4888
Epoch [13/1000], Loss: 0.4582
Epoch [14/1000], Loss: 0.4453
Epoch [15/1000], Loss: 0.4218
Epoch [16/1000], Loss: 0.4065
Epoch [17/1000], Loss: 0.4087
Epoch [18/1000], Loss: 0.3918
Epoch [19/1000], Loss: 0.3895
Epoch [20/1000], Loss: 0.3959
Early stopping triggered.
Test Accuracy: 0.7678
all_predictions = 
[0, 2, 2, 2, 0, 1, 1, 1, 1, 0, 1, 0, 0, 1, 1, 1, 0, 0, 1, 1, 1, 0, 2, 0, 2, 0, 2, 2, 1, 0, 0, 1, 0, 2, 1, 1, 1, 1, 0, 0, 1, 1, 2, 0, 2, 1, 0, 0, 0, 1, 2, 0, 1, 1, 0, 0, 0, 0, 1, 1, 2, 1, 0, 1, 0, 2, 0, 0, 2, 0, 0, 2, 1, 0, 1, 0, 0, 2, 0, 2, 2, 0, 1, 1, 2, 1, 1, 2, 2, 0, 2, 0, 1, 2, 1, 2, 0, 2, 2, 2, 2, 2, 1, 1, 1, 1, 0, 2, 2, 1, 0, 1, 2, 2, 2, 0, 1, 2, 2, 1, 0, 0, 0, 1, 1, 1, 0, 2, 1, 1, 1, 1, 0, 2, 1, 2, 2, 0, 2, 1, 2, 2, 1, 0, 1, 0, 2, 0, 2, 0, 1, 2, 0, 1, 1, 1, 0, 1, 1, 1, 0, 1, 1, 0, 0, 1, 0, 2, 0, 0, 1, 2, 2, 1, 0, 1, 1, 0, 1, 1, 0, 0, 2, 1, 0, 2, 1, 0, 2, 0, 1, 0, 0, 0, 0, 0, 2, 1, 1, 1, 0, 1, 2, 1, 2, 0, 1, 0, 1, 1, 0]
all_targets = 
[0, 2, 2, 2, 0, 1, 1, 1, 1, 0, 1, 0, 2, 2, 2, 1, 0, 0, 1, 1, 1, 0, 2, 0, 2, 0, 1, 2, 1, 0, 0, 1, 0, 2, 1, 1, 2, 0, 0, 0, 1, 1, 2, 1, 2, 2, 0, 0, 1, 1, 1, 0, 1, 2, 0, 0, 0, 0, 2, 1, 2, 1, 0, 1, 1, 2, 1, 0, 2, 0, 0, 1, 1, 0, 2, 0, 0, 2, 0, 2, 2, 0, 1, 1, 2, 2, 1, 2, 2, 0, 2, 0, 0, 2, 2, 2, 0, 2, 2, 2, 2, 2, 1, 1, 1, 1, 2, 2, 2, 2, 1, 1, 2, 2, 2, 0, 1, 2, 2, 1, 0, 1, 1, 1, 1, 1, 0, 2, 1, 1, 0, 1, 1, 1, 1, 1, 2, 0, 1, 1, 2, 2, 1, 0, 1, 1, 2, 1, 2, 1, 1, 2, 0, 2, 1, 1, 1, 1, 1, 1, 2, 2, 1, 1, 0, 2, 1, 2, 0, 0, 2, 2, 2, 1, 1, 1, 2, 0, 1, 1, 1, 0, 2, 1, 0, 2, 2, 0, 2, 0, 2, 0, 1, 1, 0, 0, 2, 1, 1, 1, 0, 1, 2, 1, 2, 0, 0, 0, 1, 2, 0]
