Epoch [1/1000], Loss: 0.7957
Epoch [2/1000], Loss: 0.6862
Epoch [3/1000], Loss: 0.6779
Epoch [4/1000], Loss: 0.6699
Epoch [5/1000], Loss: 0.6514
Epoch [6/1000], Loss: 0.5647
Epoch [7/1000], Loss: 0.4947
Epoch [8/1000], Loss: 0.4570
Epoch [9/1000], Loss: 0.4382
Epoch [10/1000], Loss: 0.4159
Epoch [11/1000], Loss: 0.3914
Epoch [12/1000], Loss: 0.3711
Epoch [13/1000], Loss: 0.3411
Epoch [14/1000], Loss: 0.3263
Epoch [15/1000], Loss: 0.3666
Epoch [16/1000], Loss: 0.2983
Epoch [17/1000], Loss: 0.2762
Early stopping triggered.
Test Accuracy: 0.8200
all_predictions = 
[2, 2, 2, 2, 2, 2, 2, 0, 0, 0, 0, 0, 2, 0, 2, 2, 2, 0, 2, 2, 2, 2, 2, 0, 2, 0, 2, 2, 2, 2, 0, 0, 2, 2, 2, 2, 0, 0, 2, 2, 0, 2, 2, 2, 2, 0, 2, 0, 0, 0, 2, 2, 2, 2, 0, 2, 2, 2, 0, 2, 0, 0, 2, 2, 2, 2, 0, 2, 2, 2, 2, 2, 0, 0, 2, 0, 2, 2, 2, 2, 2, 2, 2, 2, 2, 2, 0, 0, 2, 2, 2, 2, 2, 2, 0, 2, 0, 2, 2, 2]
all_targets = 
[2, 2, 2, 2, 2, 2, 2, 1, 0, 2, 0, 0, 2, 0, 2, 2, 2, 0, 2, 2, 2, 2, 2, 0, 0, 2, 2, 2, 2, 2, 2, 0, 2, 2, 2, 2, 0, 0, 0, 2, 2, 0, 2, 2, 2, 0, 2, 0, 0, 0, 2, 2, 2, 2, 0, 2, 2, 2, 0, 2, 2, 0, 2, 2, 2, 0, 0, 2, 2, 2, 0, 1, 2, 0, 2, 0, 2, 2, 2, 2, 2, 2, 2, 2, 2, 1, 0, 0, 2, 2, 2, 0, 2, 2, 2, 2, 2, 2, 0, 2]
