Epoch [1/1000], Loss: 1.0619
Epoch [2/1000], Loss: 0.8557
Epoch [3/1000], Loss: 0.7281
Epoch [4/1000], Loss: 0.6791
Epoch [5/1000], Loss: 0.6513
Epoch [6/1000], Loss: 0.6213
Epoch [7/1000], Loss: 0.6040
Epoch [8/1000], Loss: 0.5798
Epoch [9/1000], Loss: 0.5517
Epoch [10/1000], Loss: 0.5285
Epoch [11/1000], Loss: 0.5176
Epoch [12/1000], Loss: 0.4868
Epoch [13/1000], Loss: 0.4609
Epoch [14/1000], Loss: 0.4586
Epoch [15/1000], Loss: 0.4347
Epoch [16/1000], Loss: 0.4232
Epoch [17/1000], Loss: 0.4177
Epoch [18/1000], Loss: 0.4169
Epoch [19/1000], Loss: 0.3922
Epoch [20/1000], Loss: 0.3957
Epoch [21/1000], Loss: 0.3892
Epoch [22/1000], Loss: 0.3776
Epoch [23/1000], Loss: 0.3856
Epoch [24/1000], Loss: 0.3761
Epoch [25/1000], Loss: 0.3586
Epoch [26/1000], Loss: 0.3637
Epoch [27/1000], Loss: 0.3559
Epoch [28/1000], Loss: 0.3545
Epoch [29/1000], Loss: 0.3502
Epoch [30/1000], Loss: 0.3427
Epoch [31/1000], Loss: 0.3418
Epoch [32/1000], Loss: 0.3367
Epoch [33/1000], Loss: 0.3323
Epoch [34/1000], Loss: 0.3307
Epoch [35/1000], Loss: 0.3252
Epoch [36/1000], Loss: 0.3362
Epoch [37/1000], Loss: 0.3104
Epoch [38/1000], Loss: 0.3099
Epoch [39/1000], Loss: 0.3211
Epoch [40/1000], Loss: 0.3101
Epoch [41/1000], Loss: 0.3117
Epoch [42/1000], Loss: 0.3070
Early stopping triggered.
Test Accuracy: 0.8294
all_predictions = 
[0, 2, 2, 2, 0, 1, 1, 1, 1, 0, 1, 0, 0, 2, 2, 1, 0, 0, 1, 1, 1, 0, 2, 0, 2, 0, 2, 2, 1, 0, 0, 1, 0, 2, 1, 1, 2, 1, 0, 0, 1, 1, 2, 0, 2, 2, 0, 0, 0, 1, 1, 0, 1, 1, 0, 0, 0, 0, 2, 1, 2, 1, 0, 2, 1, 2, 0, 0, 1, 0, 0, 2, 1, 0, 1, 0, 0, 2, 0, 2, 2, 0, 1, 0, 2, 1, 1, 2, 2, 0, 2, 0, 0, 2, 2, 2, 0, 2, 2, 2, 2, 2, 1, 1, 1, 1, 2, 2, 2, 2, 1, 1, 2, 2, 2, 0, 2, 2, 2, 1, 0, 0, 0, 1, 1, 1, 0, 2, 1, 1, 1, 1, 1, 2, 1, 2, 2, 0, 2, 1, 2, 2, 1, 0, 1, 0, 2, 0, 2, 1, 1, 2, 0, 2, 1, 1, 1, 1, 1, 2, 1, 1, 1, 0, 0, 2, 1, 2, 0, 0, 2, 2, 2, 1, 0, 0, 1, 0, 1, 1, 0, 1, 2, 0, 0, 2, 1, 0, 2, 1, 2, 0, 0, 1, 0, 0, 2, 1, 1, 1, 0, 1, 2, 1, 2, 0, 0, 0, 1, 1, 0]
all_targets = 
[0, 2, 2, 2, 0, 1, 1, 1, 1, 0, 1, 0, 2, 2, 2, 1, 0, 0, 1, 1, 1, 0, 2, 0, 2, 0, 1, 2, 1, 0, 0, 1, 0, 2, 1, 1, 2, 0, 0, 0, 1, 1, 2, 1, 2, 2, 0, 0, 1, 1, 1, 0, 1, 2, 0, 0, 0, 0, 2, 1, 2, 1, 0, 1, 1, 2, 1, 0, 2, 0, 0, 1, 1, 0, 2, 0, 0, 2, 0, 2, 2, 0, 1, 1, 2, 2, 1, 2, 2, 0, 2, 0, 0, 2, 2, 2, 0, 2, 2, 2, 2, 2, 1, 1, 1, 1, 2, 2, 2, 2, 1, 1, 2, 2, 2, 0, 1, 2, 2, 1, 0, 1, 1, 1, 1, 1, 0, 2, 1, 1, 0, 1, 1, 1, 1, 1, 2, 0, 1, 1, 2, 2, 1, 0, 1, 1, 2, 1, 2, 1, 1, 2, 0, 2, 1, 1, 1, 1, 1, 1, 2, 2, 1, 1, 0, 2, 1, 2, 0, 0, 2, 2, 2, 1, 1, 1, 2, 0, 1, 1, 1, 0, 2, 1, 0, 2, 2, 0, 2, 0, 2, 0, 1, 1, 0, 0, 2, 1, 1, 1, 0, 1, 2, 1, 2, 0, 0, 0, 1, 2, 0]
