Epoch [1/1000], Loss: 0.7188
Epoch [2/1000], Loss: 0.6171
Epoch [3/1000], Loss: 0.5568
Epoch [4/1000], Loss: 0.5201
Epoch [5/1000], Loss: 0.4898
Epoch [6/1000], Loss: 0.4786
Epoch [7/1000], Loss: 0.4404
Epoch [8/1000], Loss: 0.4208
Epoch [9/1000], Loss: 0.4030
Epoch [10/1000], Loss: 0.3815
Epoch [11/1000], Loss: 0.3428
Epoch [12/1000], Loss: 0.3222
Epoch [13/1000], Loss: 0.3094
Epoch [14/1000], Loss: 0.2933
Epoch [15/1000], Loss: 0.2746
Epoch [16/1000], Loss: 0.2903
Epoch [17/1000], Loss: 0.3009
Epoch [18/1000], Loss: 0.2842
Early stopping triggered.
Test Accuracy: 0.8300
all_predictions = 
[2, 2, 2, 2, 2, 2, 2, 0, 0, 0, 0, 0, 2, 0, 2, 2, 2, 0, 2, 2, 0, 2, 2, 0, 2, 0, 2, 2, 2, 0, 0, 0, 2, 2, 2, 2, 0, 0, 0, 0, 0, 0, 2, 2, 2, 0, 2, 0, 0, 0, 2, 2, 2, 2, 0, 2, 2, 2, 0, 2, 0, 0, 2, 2, 2, 0, 0, 2, 2, 2, 2, 2, 0, 0, 2, 0, 2, 2, 2, 2, 2, 2, 2, 2, 2, 2, 0, 0, 2, 2, 2, 2, 2, 2, 0, 2, 0, 2, 0, 2]
all_targets = 
[2, 2, 2, 2, 2, 2, 2, 1, 0, 2, 0, 0, 2, 0, 2, 2, 2, 0, 2, 2, 2, 2, 2, 0, 0, 2, 2, 2, 2, 2, 2, 0, 2, 2, 2, 2, 0, 0, 0, 2, 2, 0, 2, 2, 2, 0, 2, 0, 0, 0, 2, 2, 2, 2, 0, 2, 2, 2, 0, 2, 2, 0, 2, 2, 2, 0, 0, 2, 2, 2, 0, 1, 2, 0, 2, 0, 2, 2, 2, 2, 2, 2, 2, 2, 2, 1, 0, 0, 2, 2, 2, 0, 2, 2, 2, 2, 2, 2, 0, 2]
