Epoch [1/1000], Loss: 0.7366
Epoch [2/1000], Loss: 0.6438
Epoch [3/1000], Loss: 0.5336
Epoch [4/1000], Loss: 0.4967
Epoch [5/1000], Loss: 0.4570
Epoch [6/1000], Loss: 0.4276
Epoch [7/1000], Loss: 0.3994
Epoch [8/1000], Loss: 0.3815
Epoch [9/1000], Loss: 0.3721
Early stopping triggered.
Test Accuracy: 0.8100
all_predictions = 
[2, 2, 2, 2, 2, 2, 2, 0, 0, 2, 2, 0, 2, 0, 2, 2, 2, 2, 2, 2, 0, 2, 2, 0, 2, 0, 2, 2, 2, 0, 2, 0, 2, 2, 2, 2, 2, 0, 2, 2, 2, 2, 2, 2, 2, 0, 2, 0, 0, 0, 2, 2, 2, 2, 2, 2, 2, 2, 0, 2, 0, 0, 2, 2, 2, 0, 0, 2, 2, 2, 2, 2, 0, 0, 2, 2, 2, 2, 2, 2, 2, 2, 2, 2, 2, 2, 0, 0, 2, 2, 2, 2, 2, 2, 2, 2, 0, 2, 0, 2]
all_targets = 
[2, 2, 2, 2, 2, 2, 2, 1, 0, 2, 0, 0, 2, 0, 2, 2, 2, 0, 2, 2, 2, 2, 2, 0, 0, 2, 2, 2, 2, 2, 2, 0, 2, 2, 2, 2, 0, 0, 0, 2, 2, 0, 2, 2, 2, 0, 2, 0, 0, 0, 2, 2, 2, 2, 0, 2, 2, 2, 0, 2, 2, 0, 2, 2, 2, 0, 0, 2, 2, 2, 0, 1, 2, 0, 2, 0, 2, 2, 2, 2, 2, 2, 2, 2, 2, 1, 0, 0, 2, 2, 2, 0, 2, 2, 2, 2, 2, 2, 0, 2]
