Epoch [1/1000], Loss: 1.0743
Epoch [2/1000], Loss: 0.8763
Epoch [3/1000], Loss: 0.7594
Epoch [4/1000], Loss: 0.6981
Epoch [5/1000], Loss: 0.6458
Epoch [6/1000], Loss: 0.6105
Epoch [7/1000], Loss: 0.5804
Epoch [8/1000], Loss: 0.5523
Epoch [9/1000], Loss: 0.5111
Epoch [10/1000], Loss: 0.5029
Epoch [11/1000], Loss: 0.4872
Epoch [12/1000], Loss: 0.4845
Epoch [13/1000], Loss: 0.4759
Epoch [14/1000], Loss: 0.4537
Epoch [15/1000], Loss: 0.4431
Epoch [16/1000], Loss: 0.4355
Epoch [17/1000], Loss: 0.4414
Epoch [18/1000], Loss: 0.4415
Epoch [19/1000], Loss: 0.4339
Epoch [20/1000], Loss: 0.4222
Early stopping triggered.
Test Accuracy: 0.7820
all_predictions = 
[0, 2, 2, 2, 0, 1, 1, 1, 1, 0, 1, 0, 1, 1, 1, 1, 0, 0, 1, 1, 1, 0, 2, 0, 2, 0, 2, 2, 1, 1, 0, 1, 1, 2, 1, 1, 1, 1, 0, 0, 1, 1, 2, 0, 2, 1, 0, 0, 0, 1, 2, 0, 1, 1, 0, 0, 0, 0, 1, 1, 2, 1, 0, 1, 1, 2, 1, 0, 2, 0, 0, 2, 1, 0, 1, 1, 0, 2, 0, 2, 2, 0, 1, 1, 2, 1, 1, 2, 2, 0, 2, 0, 1, 2, 2, 2, 1, 1, 2, 2, 2, 2, 1, 1, 1, 1, 1, 2, 2, 2, 1, 1, 2, 2, 2, 0, 1, 2, 2, 1, 0, 0, 0, 1, 1, 1, 0, 2, 1, 0, 1, 1, 1, 2, 1, 2, 2, 0, 2, 1, 2, 2, 1, 0, 1, 0, 2, 0, 2, 1, 1, 2, 0, 1, 1, 1, 1, 1, 1, 1, 1, 1, 1, 0, 0, 1, 1, 2, 0, 0, 1, 2, 2, 1, 0, 1, 1, 0, 1, 1, 1, 1, 2, 1, 0, 2, 1, 0, 2, 1, 2, 1, 0, 0, 0, 0, 2, 1, 1, 1, 0, 1, 2, 1, 2, 0, 0, 0, 1, 1, 0]
all_targets = 
[0, 2, 2, 2, 0, 1, 1, 1, 1, 0, 1, 0, 2, 2, 2, 1, 0, 0, 1, 1, 1, 0, 2, 0, 2, 0, 1, 2, 1, 0, 0, 1, 0, 2, 1, 1, 2, 0, 0, 0, 1, 1, 2, 1, 2, 2, 0, 0, 1, 1, 1, 0, 1, 2, 0, 0, 0, 0, 2, 1, 2, 1, 0, 1, 1, 2, 1, 0, 2, 0, 0, 1, 1, 0, 2, 0, 0, 2, 0, 2, 2, 0, 1, 1, 2, 2, 1, 2, 2, 0, 2, 0, 0, 2, 2, 2, 0, 2, 2, 2, 2, 2, 1, 1, 1, 1, 2, 2, 2, 2, 1, 1, 2, 2, 2, 0, 1, 2, 2, 1, 0, 1, 1, 1, 1, 1, 0, 2, 1, 1, 0, 1, 1, 1, 1, 1, 2, 0, 1, 1, 2, 2, 1, 0, 1, 1, 2, 1, 2, 1, 1, 2, 0, 2, 1, 1, 1, 1, 1, 1, 2, 2, 1, 1, 0, 2, 1, 2, 0, 0, 2, 2, 2, 1, 1, 1, 2, 0, 1, 1, 1, 0, 2, 1, 0, 2, 2, 0, 2, 0, 2, 0, 1, 1, 0, 0, 2, 1, 1, 1, 0, 1, 2, 1, 2, 0, 0, 0, 1, 2, 0]
