Epoch [1/1000], Loss: 0.7619
Epoch [2/1000], Loss: 0.6800
Epoch [3/1000], Loss: 0.6655
Epoch [4/1000], Loss: 0.6478
Epoch [5/1000], Loss: 0.6071
Epoch [6/1000], Loss: 0.5401
Epoch [7/1000], Loss: 0.5010
Epoch [8/1000], Loss: 0.4739
Epoch [9/1000], Loss: 0.4350
Epoch [10/1000], Loss: 0.4159
Epoch [11/1000], Loss: 0.4096
Epoch [12/1000], Loss: 0.3799
Early stopping triggered.
Test Accuracy: 0.8300
all_predictions = 
[2, 2, 2, 2, 2, 2, 2, 0, 0, 2, 2, 2, 2, 0, 2, 2, 2, 2, 2, 2, 2, 2, 2, 0, 0, 0, 2, 2, 2, 2, 2, 0, 2, 2, 2, 2, 2, 0, 2, 2, 2, 2, 2, 2, 2, 0, 2, 0, 0, 0, 2, 2, 2, 2, 0, 2, 2, 2, 2, 2, 2, 0, 2, 2, 2, 2, 0, 2, 2, 2, 2, 2, 0, 0, 2, 2, 2, 2, 2, 2, 2, 2, 2, 2, 2, 2, 0, 0, 2, 2, 2, 0, 2, 2, 2, 2, 0, 2, 2, 2]
all_targets = 
[2, 2, 2, 2, 2, 2, 2, 1, 0, 2, 0, 0, 2, 0, 2, 2, 2, 0, 2, 2, 2, 2, 2, 0, 0, 2, 2, 2, 2, 2, 2, 0, 2, 2, 2, 2, 0, 0, 0, 2, 2, 0, 2, 2, 2, 0, 2, 0, 0, 0, 2, 2, 2, 2, 0, 2, 2, 2, 0, 2, 2, 0, 2, 2, 2, 0, 0, 2, 2, 2, 0, 1, 2, 0, 2, 0, 2, 2, 2, 2, 2, 2, 2, 2, 2, 1, 0, 0, 2, 2, 2, 0, 2, 2, 2, 2, 2, 2, 0, 2]
