Epoch [1/1000], Loss: 0.7274
Epoch [2/1000], Loss: 0.5851
Epoch [3/1000], Loss: 0.5060
Epoch [4/1000], Loss: 0.4529
Epoch [5/1000], Loss: 0.4185
Epoch [6/1000], Loss: 0.3895
Epoch [7/1000], Loss: 0.3489
Epoch [8/1000], Loss: 0.3280
Epoch [9/1000], Loss: 0.2943
Epoch [10/1000], Loss: 0.2797
Epoch [11/1000], Loss: 0.2878
Epoch [12/1000], Loss: 0.2627
Epoch [13/1000], Loss: 0.2484
Epoch [14/1000], Loss: 0.2408
Epoch [15/1000], Loss: 0.2292
Epoch [16/1000], Loss: 0.2291
Epoch [17/1000], Loss: 0.2129
Epoch [18/1000], Loss: 0.2176
Epoch [19/1000], Loss: 0.2093
Epoch [20/1000], Loss: 0.2175
Epoch [21/1000], Loss: 0.2060
Epoch [22/1000], Loss: 0.2015
Early stopping triggered.
Test Accuracy: 0.8800
all_predictions = 
[2, 2, 2, 2, 2, 2, 2, 0, 0, 0, 0, 0, 2, 0, 2, 2, 2, 0, 2, 2, 2, 2, 2, 0, 0, 0, 2, 2, 2, 0, 0, 0, 2, 2, 2, 2, 0, 0, 2, 2, 2, 2, 2, 2, 2, 0, 2, 0, 0, 0, 2, 2, 2, 2, 0, 2, 2, 2, 0, 2, 2, 0, 2, 2, 2, 0, 0, 2, 2, 2, 2, 2, 0, 0, 2, 0, 2, 2, 2, 2, 2, 2, 2, 2, 2, 0, 0, 0, 2, 2, 2, 0, 2, 2, 2, 2, 0, 2, 0, 2]
all_targets = 
[2, 2, 2, 2, 2, 2, 2, 1, 0, 2, 0, 0, 2, 0, 2, 2, 2, 0, 2, 2, 2, 2, 2, 0, 0, 2, 2, 2, 2, 2, 2, 0, 2, 2, 2, 2, 0, 0, 0, 2, 2, 0, 2, 2, 2, 0, 2, 0, 0, 0, 2, 2, 2, 2, 0, 2, 2, 2, 0, 2, 2, 0, 2, 2, 2, 0, 0, 2, 2, 2, 0, 1, 2, 0, 2, 0, 2, 2, 2, 2, 2, 2, 2, 2, 2, 1, 0, 0, 2, 2, 2, 0, 2, 2, 2, 2, 2, 2, 0, 2]
