Epoch [1/1000], Loss: 0.6884
Epoch [2/1000], Loss: 0.6755
Epoch [3/1000], Loss: 0.6703
Epoch [4/1000], Loss: 0.6550
Epoch [5/1000], Loss: 0.6104
Epoch [6/1000], Loss: 0.5471
Epoch [7/1000], Loss: 0.5009
Epoch [8/1000], Loss: 0.4667
Epoch [9/1000], Loss: 0.4303
Epoch [10/1000], Loss: 0.3981
Epoch [11/1000], Loss: 0.3736
Epoch [12/1000], Loss: 0.3475
Epoch [13/1000], Loss: 0.3371
Epoch [14/1000], Loss: 0.3173
Epoch [15/1000], Loss: 0.3229
Epoch [16/1000], Loss: 0.3220
Epoch [17/1000], Loss: 0.2992
Early stopping triggered.
Test Accuracy: 0.8100
all_predictions = 
[2, 2, 2, 2, 2, 2, 2, 0, 0, 0, 0, 0, 2, 0, 2, 2, 2, 0, 2, 2, 0, 2, 2, 0, 0, 0, 2, 2, 2, 0, 0, 0, 2, 2, 2, 2, 0, 0, 0, 0, 0, 0, 2, 2, 2, 0, 2, 0, 0, 0, 2, 2, 2, 2, 2, 2, 2, 2, 0, 2, 0, 0, 2, 2, 2, 0, 0, 2, 2, 2, 2, 2, 0, 0, 2, 0, 2, 2, 2, 2, 2, 2, 2, 2, 2, 2, 0, 0, 2, 0, 2, 2, 2, 2, 0, 0, 0, 2, 0, 2]
all_targets = 
[2, 2, 2, 2, 2, 2, 2, 1, 0, 2, 0, 0, 2, 0, 2, 2, 2, 0, 2, 2, 2, 2, 2, 0, 0, 2, 2, 2, 2, 2, 2, 0, 2, 2, 2, 2, 0, 0, 0, 2, 2, 0, 2, 2, 2, 0, 2, 0, 0, 0, 2, 2, 2, 2, 0, 2, 2, 2, 0, 2, 2, 0, 2, 2, 2, 0, 0, 2, 2, 2, 0, 1, 2, 0, 2, 0, 2, 2, 2, 2, 2, 2, 2, 2, 2, 1, 0, 0, 2, 2, 2, 0, 2, 2, 2, 2, 2, 2, 0, 2]
