Epoch [1/1000], Loss: 0.7081
Epoch [2/1000], Loss: 0.5740
Epoch [3/1000], Loss: 0.5112
Epoch [4/1000], Loss: 0.4538
Epoch [5/1000], Loss: 0.4075
Epoch [6/1000], Loss: 0.3780
Epoch [7/1000], Loss: 0.3632
Epoch [8/1000], Loss: 0.3434
Epoch [9/1000], Loss: 0.3366
Epoch [10/1000], Loss: 0.3211
Epoch [11/1000], Loss: 0.3083
Epoch [12/1000], Loss: 0.2873
Epoch [13/1000], Loss: 0.2745
Epoch [14/1000], Loss: 0.2746
Epoch [15/1000], Loss: 0.2546
Epoch [16/1000], Loss: 0.2586
Epoch [17/1000], Loss: 0.2461
Epoch [18/1000], Loss: 0.2499
Epoch [19/1000], Loss: 0.2366
Early stopping triggered.
Test Accuracy: 0.8600
all_predictions = 
[2, 2, 2, 2, 2, 2, 2, 0, 0, 0, 0, 0, 2, 0, 2, 2, 2, 0, 2, 2, 2, 2, 2, 0, 2, 0, 2, 2, 2, 0, 0, 0, 2, 2, 2, 2, 0, 0, 0, 0, 0, 0, 2, 2, 2, 0, 2, 0, 0, 0, 2, 2, 2, 2, 0, 2, 2, 2, 0, 2, 0, 0, 2, 2, 2, 0, 0, 2, 2, 2, 0, 2, 0, 0, 2, 0, 2, 2, 2, 2, 2, 2, 2, 2, 2, 0, 0, 0, 2, 2, 2, 0, 2, 2, 0, 2, 0, 2, 0, 2]
all_targets = 
[2, 2, 2, 2, 2, 2, 2, 1, 0, 2, 0, 0, 2, 0, 2, 2, 2, 0, 2, 2, 2, 2, 2, 0, 0, 2, 2, 2, 2, 2, 2, 0, 2, 2, 2, 2, 0, 0, 0, 2, 2, 0, 2, 2, 2, 0, 2, 0, 0, 0, 2, 2, 2, 2, 0, 2, 2, 2, 0, 2, 2, 0, 2, 2, 2, 0, 0, 2, 2, 2, 0, 1, 2, 0, 2, 0, 2, 2, 2, 2, 2, 2, 2, 2, 2, 1, 0, 0, 2, 2, 2, 0, 2, 2, 2, 2, 2, 2, 0, 2]
