Epoch [1/1000], Loss: 0.9767
Epoch [2/1000], Loss: 0.8295
Epoch [3/1000], Loss: 0.7847
Epoch [4/1000], Loss: 0.7578
Epoch [5/1000], Loss: 0.7079
Epoch [6/1000], Loss: 0.6662
Epoch [7/1000], Loss: 0.6235
Epoch [8/1000], Loss: 0.5837
Epoch [9/1000], Loss: 0.5586
Epoch [10/1000], Loss: 0.5435
Epoch [11/1000], Loss: 0.5274
Epoch [12/1000], Loss: 0.5019
Epoch [13/1000], Loss: 0.4960
Epoch [14/1000], Loss: 0.4786
Epoch [15/1000], Loss: 0.4856
Epoch [16/1000], Loss: 0.4678
Epoch [17/1000], Loss: 0.4534
Epoch [18/1000], Loss: 0.4639
Epoch [19/1000], Loss: 0.4523
Epoch [20/1000], Loss: 0.4399
Epoch [21/1000], Loss: 0.4338
Epoch [22/1000], Loss: 0.4286
Epoch [23/1000], Loss: 0.4134
Epoch [24/1000], Loss: 0.4238
Epoch [25/1000], Loss: 0.4197
Epoch [26/1000], Loss: 0.4109
Epoch [27/1000], Loss: 0.4089
Epoch [28/1000], Loss: 0.4062
Epoch [29/1000], Loss: 0.4026
Epoch [30/1000], Loss: 0.3997
Epoch [31/1000], Loss: 0.3868
Epoch [32/1000], Loss: 0.3916
Epoch [33/1000], Loss: 0.3803
Early stopping triggered.
Test Accuracy: 0.8199
all_predictions = 
[0, 2, 2, 2, 0, 1, 1, 1, 1, 0, 1, 0, 0, 1, 1, 1, 0, 0, 1, 1, 1, 0, 2, 0, 2, 0, 2, 2, 1, 1, 0, 1, 2, 2, 1, 1, 1, 1, 0, 0, 1, 1, 2, 1, 2, 2, 0, 0, 1, 1, 2, 0, 1, 1, 0, 0, 0, 0, 1, 1, 2, 1, 0, 1, 1, 2, 0, 0, 2, 0, 0, 2, 1, 0, 1, 0, 0, 2, 0, 2, 2, 0, 1, 2, 2, 1, 1, 2, 2, 1, 2, 0, 2, 2, 2, 2, 0, 2, 2, 2, 2, 2, 1, 1, 1, 1, 2, 2, 2, 2, 1, 1, 2, 2, 2, 0, 2, 2, 2, 1, 0, 0, 1, 1, 1, 1, 0, 2, 1, 1, 1, 1, 1, 2, 1, 2, 2, 0, 2, 1, 2, 2, 1, 0, 1, 0, 2, 0, 2, 1, 1, 2, 0, 1, 1, 1, 1, 1, 1, 1, 1, 0, 1, 0, 0, 1, 1, 2, 0, 0, 1, 2, 2, 1, 1, 1, 1, 0, 1, 1, 0, 0, 2, 1, 0, 2, 1, 0, 2, 0, 2, 1, 1, 1, 0, 0, 2, 1, 1, 1, 0, 1, 2, 0, 2, 0, 0, 0, 1, 1, 0]
all_targets = 
[0, 2, 2, 2, 0, 1, 1, 1, 1, 0, 1, 0, 2, 2, 2, 1, 0, 0, 1, 1, 1, 0, 2, 0, 2, 0, 1, 2, 1, 0, 0, 1, 0, 2, 1, 1, 2, 0, 0, 0, 1, 1, 2, 1, 2, 2, 0, 0, 1, 1, 1, 0, 1, 2, 0, 0, 0, 0, 2, 1, 2, 1, 0, 1, 1, 2, 1, 0, 2, 0, 0, 1, 1, 0, 2, 0, 0, 2, 0, 2, 2, 0, 1, 1, 2, 2, 1, 2, 2, 0, 2, 0, 0, 2, 2, 2, 0, 2, 2, 2, 2, 2, 1, 1, 1, 1, 2, 2, 2, 2, 1, 1, 2, 2, 2, 0, 1, 2, 2, 1, 0, 1, 1, 1, 1, 1, 0, 2, 1, 1, 0, 1, 1, 1, 1, 1, 2, 0, 1, 1, 2, 2, 1, 0, 1, 1, 2, 1, 2, 1, 1, 2, 0, 2, 1, 1, 1, 1, 1, 1, 2, 2, 1, 1, 0, 2, 1, 2, 0, 0, 2, 2, 2, 1, 1, 1, 2, 0, 1, 1, 1, 0, 2, 1, 0, 2, 2, 0, 2, 0, 2, 0, 1, 1, 0, 0, 2, 1, 1, 1, 0, 1, 2, 1, 2, 0, 0, 0, 1, 2, 0]
