Epoch [1/1000], Loss: 0.6911
Epoch [2/1000], Loss: 0.6703
Epoch [3/1000], Loss: 0.6061
Epoch [4/1000], Loss: 0.5413
Epoch [5/1000], Loss: 0.4975
Epoch [6/1000], Loss: 0.4513
Epoch [7/1000], Loss: 0.4175
Epoch [8/1000], Loss: 0.3961
Epoch [9/1000], Loss: 0.3605
Epoch [10/1000], Loss: 0.3376
Epoch [11/1000], Loss: 0.3161
Epoch [12/1000], Loss: 0.3006
Epoch [13/1000], Loss: 0.2808
Epoch [14/1000], Loss: 0.2613
Epoch [15/1000], Loss: 0.2647
Epoch [16/1000], Loss: 0.2440
Epoch [17/1000], Loss: 0.2280
Epoch [18/1000], Loss: 0.2187
Epoch [19/1000], Loss: 0.2249
Epoch [20/1000], Loss: 0.2159
Epoch [21/1000], Loss: 0.2211
Epoch [22/1000], Loss: 0.2537
Early stopping triggered.
Test Accuracy: 0.8400
all_predictions = 
[2, 2, 2, 2, 2, 2, 2, 0, 0, 0, 0, 0, 2, 0, 2, 2, 2, 0, 2, 2, 0, 2, 2, 0, 2, 0, 2, 2, 2, 0, 0, 0, 2, 2, 2, 2, 0, 0, 0, 2, 0, 0, 2, 2, 2, 0, 2, 0, 0, 0, 2, 2, 2, 2, 2, 2, 2, 2, 0, 2, 0, 0, 2, 2, 2, 0, 0, 2, 2, 2, 2, 2, 0, 0, 2, 0, 2, 2, 2, 2, 2, 2, 2, 2, 2, 2, 0, 0, 2, 2, 2, 2, 2, 2, 2, 2, 0, 2, 0, 2]
all_targets = 
[2, 2, 2, 2, 2, 2, 2, 1, 0, 2, 0, 0, 2, 0, 2, 2, 2, 0, 2, 2, 2, 2, 2, 0, 0, 2, 2, 2, 2, 2, 2, 0, 2, 2, 2, 2, 0, 0, 0, 2, 2, 0, 2, 2, 2, 0, 2, 0, 0, 0, 2, 2, 2, 2, 0, 2, 2, 2, 0, 2, 2, 0, 2, 2, 2, 0, 0, 2, 2, 2, 0, 1, 2, 0, 2, 0, 2, 2, 2, 2, 2, 2, 2, 2, 2, 1, 0, 0, 2, 2, 2, 0, 2, 2, 2, 2, 2, 2, 0, 2]
