Epoch [1/1000], Loss: 0.7993
Epoch [2/1000], Loss: 0.6874
Epoch [3/1000], Loss: 0.6115
Epoch [4/1000], Loss: 0.5509
Epoch [5/1000], Loss: 0.5190
Epoch [6/1000], Loss: 0.4851
Epoch [7/1000], Loss: 0.4684
Epoch [8/1000], Loss: 0.4522
Epoch [9/1000], Loss: 0.4318
Epoch [10/1000], Loss: 0.4206
Epoch [11/1000], Loss: 0.4091
Epoch [12/1000], Loss: 0.3992
Epoch [13/1000], Loss: 0.3873
Epoch [14/1000], Loss: 0.3762
Epoch [15/1000], Loss: 0.3661
Epoch [16/1000], Loss: 0.3615
Epoch [17/1000], Loss: 0.3443
Epoch [18/1000], Loss: 0.3441
Epoch [19/1000], Loss: 0.3319
Epoch [20/1000], Loss: 0.3281
Epoch [21/1000], Loss: 0.3177
Epoch [22/1000], Loss: 0.3114
Epoch [23/1000], Loss: 0.2943
Epoch [24/1000], Loss: 0.2883
Epoch [25/1000], Loss: 0.2933
Epoch [26/1000], Loss: 0.2786
Epoch [27/1000], Loss: 0.2723
Early stopping triggered.
Test Accuracy: 0.8100
all_predictions = 
[2, 2, 2, 2, 2, 2, 0, 0, 0, 0, 0, 0, 2, 0, 2, 2, 0, 0, 2, 0, 0, 2, 2, 0, 0, 0, 2, 2, 2, 0, 0, 0, 2, 2, 2, 2, 0, 0, 0, 0, 0, 0, 2, 2, 2, 0, 2, 0, 0, 0, 2, 2, 2, 2, 0, 2, 2, 2, 0, 2, 0, 0, 2, 0, 2, 0, 0, 2, 2, 2, 2, 2, 0, 0, 2, 0, 2, 2, 2, 2, 2, 2, 2, 2, 2, 0, 0, 0, 2, 2, 2, 0, 2, 2, 0, 2, 0, 2, 0, 2]
all_targets = 
[2, 2, 2, 2, 2, 2, 2, 1, 0, 2, 0, 0, 2, 0, 2, 2, 2, 0, 2, 2, 2, 2, 2, 0, 0, 2, 2, 2, 2, 2, 2, 0, 2, 2, 2, 2, 0, 0, 0, 2, 2, 0, 2, 2, 2, 0, 2, 0, 0, 0, 2, 2, 2, 2, 0, 2, 2, 2, 0, 2, 2, 0, 2, 2, 2, 0, 0, 2, 2, 2, 0, 1, 2, 0, 2, 0, 2, 2, 2, 2, 2, 2, 2, 2, 2, 1, 0, 0, 2, 2, 2, 0, 2, 2, 2, 2, 2, 2, 0, 2]
