Epoch [1/1000], Loss: 0.7061
Epoch [2/1000], Loss: 0.5872
Epoch [3/1000], Loss: 0.4781
Epoch [4/1000], Loss: 0.4505
Epoch [5/1000], Loss: 0.4366
Epoch [6/1000], Loss: 0.4029
Epoch [7/1000], Loss: 0.3774
Epoch [8/1000], Loss: 0.3564
Epoch [9/1000], Loss: 0.3199
Epoch [10/1000], Loss: 0.3147
Epoch [11/1000], Loss: 0.2906
Epoch [12/1000], Loss: 0.2842
Epoch [13/1000], Loss: 0.2588
Epoch [14/1000], Loss: 0.2539
Epoch [15/1000], Loss: 0.2627
Epoch [16/1000], Loss: 0.2602
Epoch [17/1000], Loss: 0.2473
Epoch [18/1000], Loss: 0.2449
Early stopping triggered.
Test Accuracy: 0.8600
all_predictions = 
[2, 2, 2, 2, 2, 2, 2, 0, 0, 2, 0, 0, 2, 0, 2, 2, 2, 0, 2, 2, 0, 2, 2, 0, 2, 0, 2, 2, 2, 0, 2, 0, 2, 2, 2, 2, 0, 0, 2, 2, 2, 2, 2, 2, 2, 0, 2, 0, 0, 0, 2, 2, 2, 2, 0, 2, 2, 2, 0, 2, 0, 0, 2, 2, 2, 2, 0, 2, 2, 2, 2, 2, 0, 0, 2, 0, 2, 2, 2, 2, 2, 2, 2, 2, 2, 0, 0, 0, 2, 2, 2, 0, 2, 2, 2, 2, 0, 2, 0, 2]
all_targets = 
[2, 2, 2, 2, 2, 2, 2, 1, 0, 2, 0, 0, 2, 0, 2, 2, 2, 0, 2, 2, 2, 2, 2, 0, 0, 2, 2, 2, 2, 2, 2, 0, 2, 2, 2, 2, 0, 0, 0, 2, 2, 0, 2, 2, 2, 0, 2, 0, 0, 0, 2, 2, 2, 2, 0, 2, 2, 2, 0, 2, 2, 0, 2, 2, 2, 0, 0, 2, 2, 2, 0, 1, 2, 0, 2, 0, 2, 2, 2, 2, 2, 2, 2, 2, 2, 1, 0, 0, 2, 2, 2, 0, 2, 2, 2, 2, 2, 2, 0, 2]
