Epoch [1/1000], Loss: 1.0593
Epoch [2/1000], Loss: 0.8096
Epoch [3/1000], Loss: 0.7143
Epoch [4/1000], Loss: 0.6320
Epoch [5/1000], Loss: 0.5931
Epoch [6/1000], Loss: 0.5806
Epoch [7/1000], Loss: 0.5227
Epoch [8/1000], Loss: 0.4875
Epoch [9/1000], Loss: 0.4761
Epoch [10/1000], Loss: 0.4613
Epoch [11/1000], Loss: 0.4518
Epoch [12/1000], Loss: 0.4339
Epoch [13/1000], Loss: 0.4271
Epoch [14/1000], Loss: 0.4629
Epoch [15/1000], Loss: 0.4171
Epoch [16/1000], Loss: 0.3990
Epoch [17/1000], Loss: 0.3715
Epoch [18/1000], Loss: 0.3704
Epoch [19/1000], Loss: 0.3667
Epoch [20/1000], Loss: 0.3668
Epoch [21/1000], Loss: 0.3518
Epoch [22/1000], Loss: 0.3381
Early stopping triggered.
Test Accuracy: 0.7915
all_predictions = 
[0, 2, 2, 2, 0, 1, 1, 1, 1, 0, 1, 0, 0, 1, 1, 1, 0, 0, 1, 1, 1, 0, 2, 0, 2, 0, 2, 2, 1, 0, 0, 1, 0, 2, 1, 1, 2, 1, 0, 0, 1, 1, 2, 1, 2, 1, 0, 0, 1, 1, 2, 0, 1, 1, 0, 0, 0, 0, 1, 1, 2, 1, 0, 1, 1, 2, 0, 0, 2, 0, 0, 2, 1, 0, 1, 0, 0, 2, 0, 2, 2, 0, 1, 0, 2, 1, 1, 2, 2, 0, 2, 0, 2, 2, 2, 2, 1, 2, 2, 2, 2, 2, 1, 1, 1, 1, 2, 2, 2, 2, 1, 1, 2, 2, 2, 0, 0, 2, 2, 1, 0, 0, 0, 1, 1, 1, 0, 2, 1, 1, 1, 0, 1, 2, 1, 2, 2, 0, 2, 1, 2, 2, 1, 0, 1, 0, 2, 0, 2, 1, 1, 2, 0, 1, 1, 1, 1, 1, 1, 1, 1, 1, 1, 0, 0, 1, 1, 2, 0, 0, 1, 2, 2, 1, 0, 0, 1, 0, 0, 0, 0, 0, 2, 1, 0, 2, 0, 0, 2, 1, 2, 0, 0, 0, 0, 0, 2, 1, 1, 1, 0, 1, 2, 1, 2, 0, 0, 1, 1, 1, 0]
all_targets = 
[0, 2, 2, 2, 0, 1, 1, 1, 1, 0, 1, 0, 2, 2, 2, 1, 0, 0, 1, 1, 1, 0, 2, 0, 2, 0, 1, 2, 1, 0, 0, 1, 0, 2, 1, 1, 2, 0, 0, 0, 1, 1, 2, 1, 2, 2, 0, 0, 1, 1, 1, 0, 1, 2, 0, 0, 0, 0, 2, 1, 2, 1, 0, 1, 1, 2, 1, 0, 2, 0, 0, 1, 1, 0, 2, 0, 0, 2, 0, 2, 2, 0, 1, 1, 2, 2, 1, 2, 2, 0, 2, 0, 0, 2, 2, 2, 0, 2, 2, 2, 2, 2, 1, 1, 1, 1, 2, 2, 2, 2, 1, 1, 2, 2, 2, 0, 1, 2, 2, 1, 0, 1, 1, 1, 1, 1, 0, 2, 1, 1, 0, 1, 1, 1, 1, 1, 2, 0, 1, 1, 2, 2, 1, 0, 1, 1, 2, 1, 2, 1, 1, 2, 0, 2, 1, 1, 1, 1, 1, 1, 2, 2, 1, 1, 0, 2, 1, 2, 0, 0, 2, 2, 2, 1, 1, 1, 2, 0, 1, 1, 1, 0, 2, 1, 0, 2, 2, 0, 2, 0, 2, 0, 1, 1, 0, 0, 2, 1, 1, 1, 0, 1, 2, 1, 2, 0, 0, 0, 1, 2, 0]
