Epoch [1/1000], Loss: 1.0851
Epoch [2/1000], Loss: 0.8488
Epoch [3/1000], Loss: 0.7451
Epoch [4/1000], Loss: 0.6871
Epoch [5/1000], Loss: 0.6360
Epoch [6/1000], Loss: 0.6083
Epoch [7/1000], Loss: 0.5734
Epoch [8/1000], Loss: 0.5319
Epoch [9/1000], Loss: 0.5251
Epoch [10/1000], Loss: 0.5042
Epoch [11/1000], Loss: 0.4728
Epoch [12/1000], Loss: 0.4603
Epoch [13/1000], Loss: 0.4709
Epoch [14/1000], Loss: 0.4653
Epoch [15/1000], Loss: 0.4435
Epoch [16/1000], Loss: 0.4315
Epoch [17/1000], Loss: 0.4380
Epoch [18/1000], Loss: 0.4250
Epoch [19/1000], Loss: 0.4132
Epoch [20/1000], Loss: 0.4126
Epoch [21/1000], Loss: 0.3920
Epoch [22/1000], Loss: 0.3819
Epoch [23/1000], Loss: 0.3886
Early stopping triggered.
Test Accuracy: 0.7678
all_predictions = 
[0, 2, 2, 2, 0, 1, 1, 1, 1, 0, 1, 0, 0, 1, 1, 1, 0, 0, 1, 1, 1, 0, 2, 0, 2, 0, 2, 2, 1, 0, 0, 1, 0, 2, 1, 1, 2, 1, 0, 0, 1, 1, 2, 0, 2, 1, 0, 0, 0, 1, 2, 0, 1, 1, 0, 0, 0, 0, 1, 1, 2, 1, 0, 1, 1, 2, 0, 0, 2, 0, 0, 2, 1, 0, 1, 0, 0, 2, 0, 2, 2, 0, 1, 0, 2, 1, 1, 2, 2, 1, 2, 0, 2, 2, 2, 2, 1, 2, 2, 2, 2, 2, 1, 1, 1, 1, 2, 2, 2, 2, 0, 1, 2, 2, 2, 0, 2, 2, 2, 1, 0, 0, 0, 1, 1, 1, 0, 2, 1, 0, 1, 1, 1, 2, 1, 2, 2, 0, 2, 1, 2, 2, 1, 0, 1, 0, 2, 0, 2, 1, 1, 2, 0, 1, 1, 1, 1, 1, 1, 1, 0, 1, 1, 0, 0, 1, 1, 2, 0, 0, 1, 2, 2, 1, 0, 1, 1, 0, 0, 0, 0, 1, 2, 1, 0, 2, 1, 0, 2, 1, 2, 0, 0, 0, 0, 0, 2, 1, 1, 1, 0, 1, 2, 0, 2, 0, 0, 1, 1, 1, 0]
all_targets = 
[0, 2, 2, 2, 0, 1, 1, 1, 1, 0, 1, 0, 2, 2, 2, 1, 0, 0, 1, 1, 1, 0, 2, 0, 2, 0, 1, 2, 1, 0, 0, 1, 0, 2, 1, 1, 2, 0, 0, 0, 1, 1, 2, 1, 2, 2, 0, 0, 1, 1, 1, 0, 1, 2, 0, 0, 0, 0, 2, 1, 2, 1, 0, 1, 1, 2, 1, 0, 2, 0, 0, 1, 1, 0, 2, 0, 0, 2, 0, 2, 2, 0, 1, 1, 2, 2, 1, 2, 2, 0, 2, 0, 0, 2, 2, 2, 0, 2, 2, 2, 2, 2, 1, 1, 1, 1, 2, 2, 2, 2, 1, 1, 2, 2, 2, 0, 1, 2, 2, 1, 0, 1, 1, 1, 1, 1, 0, 2, 1, 1, 0, 1, 1, 1, 1, 1, 2, 0, 1, 1, 2, 2, 1, 0, 1, 1, 2, 1, 2, 1, 1, 2, 0, 2, 1, 1, 1, 1, 1, 1, 2, 2, 1, 1, 0, 2, 1, 2, 0, 0, 2, 2, 2, 1, 1, 1, 2, 0, 1, 1, 1, 0, 2, 1, 0, 2, 2, 0, 2, 0, 2, 0, 1, 1, 0, 0, 2, 1, 1, 1, 0, 1, 2, 1, 2, 0, 0, 0, 1, 2, 0]
