Epoch [1/1000], Loss: 1.1498
Epoch [2/1000], Loss: 0.9049
Epoch [3/1000], Loss: 0.6807
Epoch [4/1000], Loss: 0.6161
Epoch [5/1000], Loss: 0.5783
Epoch [6/1000], Loss: 0.5493
Epoch [7/1000], Loss: 0.5080
Epoch [8/1000], Loss: 0.4873
Epoch [9/1000], Loss: 0.4707
Epoch [10/1000], Loss: 0.4394
Epoch [11/1000], Loss: 0.4188
Epoch [12/1000], Loss: 0.4112
Epoch [13/1000], Loss: 0.4003
Early stopping triggered.
Test Accuracy: 0.7820
all_predictions = 
[0, 2, 2, 2, 0, 1, 1, 1, 1, 0, 1, 0, 2, 1, 1, 1, 0, 0, 1, 1, 1, 0, 2, 0, 2, 0, 2, 2, 1, 0, 0, 1, 1, 2, 1, 1, 1, 1, 0, 0, 1, 1, 2, 1, 2, 1, 1, 0, 1, 1, 2, 0, 1, 1, 0, 1, 0, 0, 1, 1, 2, 1, 0, 1, 1, 2, 0, 0, 2, 0, 1, 2, 1, 0, 1, 1, 0, 2, 0, 2, 2, 1, 1, 2, 2, 1, 1, 2, 2, 1, 2, 0, 2, 2, 2, 2, 0, 2, 2, 2, 2, 2, 1, 1, 1, 1, 2, 2, 2, 2, 1, 1, 2, 2, 2, 0, 1, 2, 2, 1, 0, 0, 1, 1, 1, 1, 0, 2, 1, 1, 1, 1, 1, 2, 1, 2, 2, 0, 2, 1, 2, 2, 1, 1, 1, 0, 2, 0, 2, 1, 1, 2, 0, 1, 1, 1, 1, 1, 1, 1, 1, 1, 1, 0, 1, 1, 1, 2, 0, 0, 1, 2, 2, 1, 1, 1, 1, 0, 1, 1, 0, 1, 2, 1, 0, 2, 1, 0, 2, 1, 2, 0, 0, 1, 1, 0, 2, 1, 1, 1, 0, 1, 2, 1, 2, 0, 1, 0, 1, 1, 0]
all_targets = 
[0, 2, 2, 2, 0, 1, 1, 1, 1, 0, 1, 0, 2, 2, 2, 1, 0, 0, 1, 1, 1, 0, 2, 0, 2, 0, 1, 2, 1, 0, 0, 1, 0, 2, 1, 1, 2, 0, 0, 0, 1, 1, 2, 1, 2, 2, 0, 0, 1, 1, 1, 0, 1, 2, 0, 0, 0, 0, 2, 1, 2, 1, 0, 1, 1, 2, 1, 0, 2, 0, 0, 1, 1, 0, 2, 0, 0, 2, 0, 2, 2, 0, 1, 1, 2, 2, 1, 2, 2, 0, 2, 0, 0, 2, 2, 2, 0, 2, 2, 2, 2, 2, 1, 1, 1, 1, 2, 2, 2, 2, 1, 1, 2, 2, 2, 0, 1, 2, 2, 1, 0, 1, 1, 1, 1, 1, 0, 2, 1, 1, 0, 1, 1, 1, 1, 1, 2, 0, 1, 1, 2, 2, 1, 0, 1, 1, 2, 1, 2, 1, 1, 2, 0, 2, 1, 1, 1, 1, 1, 1, 2, 2, 1, 1, 0, 2, 1, 2, 0, 0, 2, 2, 2, 1, 1, 1, 2, 0, 1, 1, 1, 0, 2, 1, 0, 2, 2, 0, 2, 0, 2, 0, 1, 1, 0, 0, 2, 1, 1, 1, 0, 1, 2, 1, 2, 0, 0, 0, 1, 2, 0]
