Epoch [1/1000], Loss: 0.9360
Epoch [2/1000], Loss: 0.7218
Epoch [3/1000], Loss: 0.6945
Epoch [4/1000], Loss: 0.6834
Epoch [5/1000], Loss: 0.6768
Epoch [6/1000], Loss: 0.6536
Epoch [7/1000], Loss: 0.5846
Epoch [8/1000], Loss: 0.4943
Epoch [9/1000], Loss: 0.4820
Epoch [10/1000], Loss: 0.4307
Epoch [11/1000], Loss: 0.3876
Epoch [12/1000], Loss: 0.3765
Epoch [13/1000], Loss: 0.3696
Epoch [14/1000], Loss: 0.3097
Epoch [15/1000], Loss: 0.3102
Epoch [16/1000], Loss: 0.3004
Epoch [17/1000], Loss: 0.2907
Epoch [18/1000], Loss: 0.2888
Epoch [19/1000], Loss: 0.2736
Early stopping triggered.
Test Accuracy: 0.8200
all_predictions = 
[2, 2, 2, 2, 2, 2, 2, 0, 0, 0, 0, 0, 2, 0, 2, 2, 2, 0, 2, 2, 2, 2, 2, 0, 2, 0, 2, 2, 2, 0, 0, 0, 2, 2, 2, 2, 0, 0, 2, 2, 2, 2, 2, 2, 2, 0, 2, 0, 0, 0, 2, 2, 2, 2, 0, 2, 2, 2, 0, 2, 0, 0, 2, 2, 2, 2, 0, 2, 2, 2, 2, 2, 0, 0, 2, 0, 2, 2, 2, 2, 2, 2, 2, 2, 2, 2, 0, 0, 2, 0, 2, 2, 2, 2, 2, 0, 0, 2, 0, 2]
all_targets = 
[2, 2, 2, 2, 2, 2, 2, 1, 0, 2, 0, 0, 2, 0, 2, 2, 2, 0, 2, 2, 2, 2, 2, 0, 0, 2, 2, 2, 2, 2, 2, 0, 2, 2, 2, 2, 0, 0, 0, 2, 2, 0, 2, 2, 2, 0, 2, 0, 0, 0, 2, 2, 2, 2, 0, 2, 2, 2, 0, 2, 2, 0, 2, 2, 2, 0, 0, 2, 2, 2, 0, 1, 2, 0, 2, 0, 2, 2, 2, 2, 2, 2, 2, 2, 2, 1, 0, 0, 2, 2, 2, 0, 2, 2, 2, 2, 2, 2, 0, 2]
