Epoch [1/1000], Loss: 0.7755
Epoch [2/1000], Loss: 0.6477
Epoch [3/1000], Loss: 0.5682
Epoch [4/1000], Loss: 0.5511
Epoch [5/1000], Loss: 0.4934
Epoch [6/1000], Loss: 0.4557
Epoch [7/1000], Loss: 0.4266
Epoch [8/1000], Loss: 0.4034
Epoch [9/1000], Loss: 0.3803
Epoch [10/1000], Loss: 0.3593
Epoch [11/1000], Loss: 0.3302
Epoch [12/1000], Loss: 0.3276
Epoch [13/1000], Loss: 0.3093
Epoch [14/1000], Loss: 0.2891
Epoch [15/1000], Loss: 0.2784
Epoch [16/1000], Loss: 0.2617
Epoch [17/1000], Loss: 0.2468
Epoch [18/1000], Loss: 0.2440
Epoch [19/1000], Loss: 0.2182
Epoch [20/1000], Loss: 0.2187
Early stopping triggered.
Test Accuracy: 0.8300
all_predictions = 
[2, 2, 2, 2, 2, 2, 2, 2, 0, 2, 2, 2, 2, 0, 2, 2, 2, 2, 2, 2, 2, 2, 2, 0, 2, 2, 2, 2, 2, 2, 2, 0, 2, 2, 2, 2, 2, 0, 2, 2, 2, 2, 2, 2, 2, 0, 2, 0, 0, 0, 2, 2, 2, 2, 0, 2, 2, 2, 2, 2, 2, 0, 2, 2, 2, 2, 0, 2, 2, 2, 2, 2, 0, 0, 2, 2, 2, 2, 2, 2, 2, 2, 2, 2, 2, 0, 0, 0, 2, 2, 2, 0, 2, 2, 2, 2, 0, 2, 2, 2]
all_targets = 
[2, 2, 2, 2, 2, 2, 2, 1, 0, 2, 0, 0, 2, 0, 2, 2, 2, 0, 2, 2, 2, 2, 2, 0, 0, 2, 2, 2, 2, 2, 2, 0, 2, 2, 2, 2, 0, 0, 0, 2, 2, 0, 2, 2, 2, 0, 2, 0, 0, 0, 2, 2, 2, 2, 0, 2, 2, 2, 0, 2, 2, 0, 2, 2, 2, 0, 0, 2, 2, 2, 0, 1, 2, 0, 2, 0, 2, 2, 2, 2, 2, 2, 2, 2, 2, 1, 0, 0, 2, 2, 2, 0, 2, 2, 2, 2, 2, 2, 0, 2]
