Epoch [1/1000], Loss: 0.7657
Epoch [2/1000], Loss: 0.6416
Epoch [3/1000], Loss: 0.5360
Epoch [4/1000], Loss: 0.4759
Epoch [5/1000], Loss: 0.4531
Epoch [6/1000], Loss: 0.4290
Epoch [7/1000], Loss: 0.4026
Epoch [8/1000], Loss: 0.3823
Epoch [9/1000], Loss: 0.3639
Epoch [10/1000], Loss: 0.3769
Epoch [11/1000], Loss: 0.3241
Epoch [12/1000], Loss: 0.3093
Epoch [13/1000], Loss: 0.2823
Epoch [14/1000], Loss: 0.2556
Epoch [15/1000], Loss: 0.2426
Epoch [16/1000], Loss: 0.2264
Epoch [17/1000], Loss: 0.2153
Epoch [18/1000], Loss: 0.2093
Epoch [19/1000], Loss: 0.1862
Epoch [20/1000], Loss: 0.1964
Epoch [21/1000], Loss: 0.1832
Epoch [22/1000], Loss: 0.1977
Epoch [23/1000], Loss: 0.1888
Early stopping triggered.
Test Accuracy: 0.8600
all_predictions = 
[2, 2, 2, 2, 2, 2, 2, 2, 0, 2, 0, 0, 2, 0, 2, 2, 2, 0, 2, 2, 2, 2, 2, 0, 2, 2, 2, 2, 2, 0, 0, 0, 2, 2, 2, 2, 0, 0, 2, 2, 2, 2, 2, 2, 2, 0, 2, 0, 0, 0, 2, 2, 2, 2, 2, 2, 2, 2, 0, 2, 2, 0, 2, 2, 2, 2, 0, 2, 2, 2, 2, 2, 0, 0, 2, 0, 2, 2, 2, 2, 2, 2, 2, 2, 2, 2, 0, 0, 2, 2, 2, 0, 2, 2, 2, 2, 0, 2, 2, 2]
all_targets = 
[2, 2, 2, 2, 2, 2, 2, 1, 0, 2, 0, 0, 2, 0, 2, 2, 2, 0, 2, 2, 2, 2, 2, 0, 0, 2, 2, 2, 2, 2, 2, 0, 2, 2, 2, 2, 0, 0, 0, 2, 2, 0, 2, 2, 2, 0, 2, 0, 0, 0, 2, 2, 2, 2, 0, 2, 2, 2, 0, 2, 2, 0, 2, 2, 2, 0, 0, 2, 2, 2, 0, 1, 2, 0, 2, 0, 2, 2, 2, 2, 2, 2, 2, 2, 2, 1, 0, 0, 2, 2, 2, 0, 2, 2, 2, 2, 2, 2, 0, 2]
