Epoch [1/1000], Loss: 1.1304
Epoch [2/1000], Loss: 0.9887
Epoch [3/1000], Loss: 0.8114
Epoch [4/1000], Loss: 0.7449
Epoch [5/1000], Loss: 0.7072
Epoch [6/1000], Loss: 0.6831
Epoch [7/1000], Loss: 0.6652
Epoch [8/1000], Loss: 0.6452
Epoch [9/1000], Loss: 0.6214
Epoch [10/1000], Loss: 0.5840
Epoch [11/1000], Loss: 0.5504
Epoch [12/1000], Loss: 0.5217
Epoch [13/1000], Loss: 0.4941
Epoch [14/1000], Loss: 0.4867
Epoch [15/1000], Loss: 0.4598
Epoch [16/1000], Loss: 0.4500
Epoch [17/1000], Loss: 0.4441
Epoch [18/1000], Loss: 0.4540
Epoch [19/1000], Loss: 0.4560
Epoch [20/1000], Loss: 0.4371
Epoch [21/1000], Loss: 0.4371
Epoch [22/1000], Loss: 0.4102
Epoch [23/1000], Loss: 0.4193
Epoch [24/1000], Loss: 0.4114
Epoch [25/1000], Loss: 0.4015
Epoch [26/1000], Loss: 0.3915
Epoch [27/1000], Loss: 0.3874
Epoch [28/1000], Loss: 0.3847
Epoch [29/1000], Loss: 0.3730
Epoch [30/1000], Loss: 0.3654
Epoch [31/1000], Loss: 0.3625
Epoch [32/1000], Loss: 0.3651
Epoch [33/1000], Loss: 0.3613
Epoch [34/1000], Loss: 0.3629
Epoch [35/1000], Loss: 0.3580
Early stopping triggered.
Test Accuracy: 0.8057
all_predictions = 
[0, 2, 2, 2, 0, 1, 1, 1, 1, 0, 1, 0, 2, 1, 1, 1, 0, 0, 1, 1, 1, 0, 2, 0, 2, 0, 2, 2, 1, 0, 0, 1, 2, 2, 1, 1, 2, 1, 0, 0, 1, 1, 2, 1, 2, 1, 0, 0, 0, 1, 2, 0, 1, 1, 0, 0, 0, 0, 1, 1, 2, 1, 0, 1, 1, 2, 0, 0, 2, 0, 0, 2, 1, 0, 1, 0, 0, 2, 0, 2, 2, 0, 1, 2, 2, 1, 1, 2, 2, 1, 2, 0, 2, 2, 2, 2, 1, 2, 2, 2, 2, 2, 1, 2, 1, 1, 2, 2, 2, 2, 1, 1, 2, 2, 2, 0, 2, 2, 2, 1, 0, 0, 1, 1, 1, 1, 0, 2, 1, 1, 1, 1, 1, 2, 1, 2, 2, 0, 2, 2, 2, 2, 1, 1, 1, 2, 2, 2, 2, 1, 1, 2, 0, 1, 1, 1, 1, 1, 1, 1, 1, 1, 1, 0, 0, 1, 1, 2, 0, 0, 2, 2, 2, 1, 0, 1, 1, 0, 1, 1, 0, 1, 2, 1, 0, 2, 1, 0, 2, 1, 2, 0, 1, 1, 0, 0, 2, 1, 1, 1, 0, 1, 2, 1, 2, 0, 0, 0, 1, 1, 0]
all_targets = 
[0, 2, 2, 2, 0, 1, 1, 1, 1, 0, 1, 0, 2, 2, 2, 1, 0, 0, 1, 1, 1, 0, 2, 0, 2, 0, 1, 2, 1, 0, 0, 1, 0, 2, 1, 1, 2, 0, 0, 0, 1, 1, 2, 1, 2, 2, 0, 0, 1, 1, 1, 0, 1, 2, 0, 0, 0, 0, 2, 1, 2, 1, 0, 1, 1, 2, 1, 0, 2, 0, 0, 1, 1, 0, 2, 0, 0, 2, 0, 2, 2, 0, 1, 1, 2, 2, 1, 2, 2, 0, 2, 0, 0, 2, 2, 2, 0, 2, 2, 2, 2, 2, 1, 1, 1, 1, 2, 2, 2, 2, 1, 1, 2, 2, 2, 0, 1, 2, 2, 1, 0, 1, 1, 1, 1, 1, 0, 2, 1, 1, 0, 1, 1, 1, 1, 1, 2, 0, 1, 1, 2, 2, 1, 0, 1, 1, 2, 1, 2, 1, 1, 2, 0, 2, 1, 1, 1, 1, 1, 1, 2, 2, 1, 1, 0, 2, 1, 2, 0, 0, 2, 2, 2, 1, 1, 1, 2, 0, 1, 1, 1, 0, 2, 1, 0, 2, 2, 0, 2, 0, 2, 0, 1, 1, 0, 0, 2, 1, 1, 1, 0, 1, 2, 1, 2, 0, 0, 0, 1, 2, 0]
