Epoch [1/1000], Loss: 0.7147
Epoch [2/1000], Loss: 0.6677
Epoch [3/1000], Loss: 0.6115
Epoch [4/1000], Loss: 0.5017
Epoch [5/1000], Loss: 0.5024
Epoch [6/1000], Loss: 0.4759
Epoch [7/1000], Loss: 0.4610
Epoch [8/1000], Loss: 0.4414
Epoch [9/1000], Loss: 0.4111
Epoch [10/1000], Loss: 0.3983
Epoch [11/1000], Loss: 0.3742
Epoch [12/1000], Loss: 0.3570
Epoch [13/1000], Loss: 0.3264
Epoch [14/1000], Loss: 0.3304
Epoch [15/1000], Loss: 0.3333
Epoch [16/1000], Loss: 0.3023
Epoch [17/1000], Loss: 0.2975
Epoch [18/1000], Loss: 0.2854
Epoch [19/1000], Loss: 0.2793
Epoch [20/1000], Loss: 0.2673
Epoch [21/1000], Loss: 0.2750
Epoch [22/1000], Loss: 0.2660
Epoch [23/1000], Loss: 0.2580
Epoch [24/1000], Loss: 0.2352
Epoch [25/1000], Loss: 0.2435
Epoch [26/1000], Loss: 0.2452
Epoch [27/1000], Loss: 0.2372
Epoch [28/1000], Loss: 0.2321
Epoch [29/1000], Loss: 0.2414
Early stopping triggered.
Test Accuracy: 0.8500
all_predictions = 
[2, 2, 2, 2, 2, 2, 2, 0, 0, 2, 0, 0, 2, 0, 2, 2, 2, 0, 2, 2, 0, 2, 2, 0, 2, 0, 2, 2, 2, 0, 0, 0, 2, 2, 2, 2, 2, 0, 0, 2, 2, 0, 2, 2, 2, 0, 2, 0, 0, 0, 2, 2, 2, 2, 0, 2, 2, 2, 0, 2, 0, 0, 2, 2, 2, 0, 0, 2, 2, 2, 2, 2, 0, 0, 2, 0, 2, 2, 2, 2, 2, 2, 2, 2, 2, 0, 0, 0, 2, 0, 2, 0, 2, 2, 2, 0, 0, 2, 0, 2]
all_targets = 
[2, 2, 2, 2, 2, 2, 2, 1, 0, 2, 0, 0, 2, 0, 2, 2, 2, 0, 2, 2, 2, 2, 2, 0, 0, 2, 2, 2, 2, 2, 2, 0, 2, 2, 2, 2, 0, 0, 0, 2, 2, 0, 2, 2, 2, 0, 2, 0, 0, 0, 2, 2, 2, 2, 0, 2, 2, 2, 0, 2, 2, 0, 2, 2, 2, 0, 0, 2, 2, 2, 0, 1, 2, 0, 2, 0, 2, 2, 2, 2, 2, 2, 2, 2, 2, 1, 0, 0, 2, 2, 2, 0, 2, 2, 2, 2, 2, 2, 0, 2]
