Epoch [1/1000], Loss: 0.9629
Epoch [2/1000], Loss: 0.7827
Epoch [3/1000], Loss: 0.7063
Epoch [4/1000], Loss: 0.6217
Epoch [5/1000], Loss: 0.5877
Epoch [6/1000], Loss: 0.5561
Epoch [7/1000], Loss: 0.5270
Epoch [8/1000], Loss: 0.5164
Epoch [9/1000], Loss: 0.4983
Epoch [10/1000], Loss: 0.5013
Epoch [11/1000], Loss: 0.4869
Epoch [12/1000], Loss: 0.4805
Epoch [13/1000], Loss: 0.4582
Epoch [14/1000], Loss: 0.4603
Epoch [15/1000], Loss: 0.4723
Epoch [16/1000], Loss: 0.4561
Epoch [17/1000], Loss: 0.4504
Epoch [18/1000], Loss: 0.4396
Epoch [19/1000], Loss: 0.4333
Epoch [20/1000], Loss: 0.4236
Epoch [21/1000], Loss: 0.4274
Epoch [22/1000], Loss: 0.4194
Epoch [23/1000], Loss: 0.4214
Epoch [24/1000], Loss: 0.4075
Epoch [25/1000], Loss: 0.4095
Epoch [26/1000], Loss: 0.4095
Early stopping triggered.
Test Accuracy: 0.8009
all_predictions = 
[0, 2, 2, 2, 0, 2, 1, 1, 1, 0, 1, 0, 2, 1, 0, 1, 0, 0, 1, 1, 1, 0, 2, 0, 2, 0, 2, 2, 1, 0, 0, 0, 0, 2, 1, 1, 2, 1, 0, 0, 1, 1, 2, 0, 2, 1, 0, 0, 0, 1, 2, 0, 1, 0, 0, 0, 0, 0, 1, 1, 2, 1, 0, 1, 1, 2, 0, 0, 2, 0, 0, 2, 1, 0, 1, 0, 0, 2, 0, 2, 2, 0, 1, 1, 2, 0, 1, 2, 2, 0, 2, 0, 2, 2, 2, 2, 0, 2, 2, 2, 2, 2, 1, 1, 1, 1, 2, 2, 2, 2, 1, 1, 2, 2, 2, 0, 2, 2, 2, 1, 0, 0, 1, 1, 1, 1, 0, 2, 1, 1, 1, 0, 1, 2, 1, 2, 2, 0, 2, 1, 2, 2, 1, 0, 1, 0, 2, 0, 2, 1, 1, 2, 0, 1, 1, 1, 1, 1, 1, 1, 1, 0, 1, 0, 0, 1, 1, 2, 0, 0, 1, 2, 2, 1, 0, 1, 1, 0, 1, 1, 0, 1, 2, 1, 0, 2, 1, 0, 2, 1, 2, 0, 0, 0, 0, 0, 2, 1, 1, 1, 0, 1, 2, 0, 2, 0, 0, 0, 1, 1, 0]
all_targets = 
[0, 2, 2, 2, 0, 1, 1, 1, 1, 0, 1, 0, 2, 2, 2, 1, 0, 0, 1, 1, 1, 0, 2, 0, 2, 0, 1, 2, 1, 0, 0, 1, 0, 2, 1, 1, 2, 0, 0, 0, 1, 1, 2, 1, 2, 2, 0, 0, 1, 1, 1, 0, 1, 2, 0, 0, 0, 0, 2, 1, 2, 1, 0, 1, 1, 2, 1, 0, 2, 0, 0, 1, 1, 0, 2, 0, 0, 2, 0, 2, 2, 0, 1, 1, 2, 2, 1, 2, 2, 0, 2, 0, 0, 2, 2, 2, 0, 2, 2, 2, 2, 2, 1, 1, 1, 1, 2, 2, 2, 2, 1, 1, 2, 2, 2, 0, 1, 2, 2, 1, 0, 1, 1, 1, 1, 1, 0, 2, 1, 1, 0, 1, 1, 1, 1, 1, 2, 0, 1, 1, 2, 2, 1, 0, 1, 1, 2, 1, 2, 1, 1, 2, 0, 2, 1, 1, 1, 1, 1, 1, 2, 2, 1, 1, 0, 2, 1, 2, 0, 0, 2, 2, 2, 1, 1, 1, 2, 0, 1, 1, 1, 0, 2, 1, 0, 2, 2, 0, 2, 0, 2, 0, 1, 1, 0, 0, 2, 1, 1, 1, 0, 1, 2, 1, 2, 0, 0, 0, 1, 2, 0]
