Epoch [1/1000], Loss: 0.7264
Epoch [2/1000], Loss: 0.6727
Epoch [3/1000], Loss: 0.6275
Epoch [4/1000], Loss: 0.5478
Epoch [5/1000], Loss: 0.5123
Epoch [6/1000], Loss: 0.4920
Epoch [7/1000], Loss: 0.4689
Epoch [8/1000], Loss: 0.4456
Epoch [9/1000], Loss: 0.4159
Epoch [10/1000], Loss: 0.3861
Epoch [11/1000], Loss: 0.3673
Epoch [12/1000], Loss: 0.3484
Epoch [13/1000], Loss: 0.3566
Epoch [14/1000], Loss: 0.3360
Epoch [15/1000], Loss: 0.3290
Epoch [16/1000], Loss: 0.3189
Epoch [17/1000], Loss: 0.3027
Epoch [18/1000], Loss: 0.3069
Early stopping triggered.
Test Accuracy: 0.8600
all_predictions = 
[2, 2, 2, 2, 2, 2, 2, 0, 0, 0, 0, 0, 2, 0, 2, 2, 2, 0, 2, 2, 0, 2, 2, 0, 0, 0, 2, 2, 2, 0, 0, 0, 2, 2, 2, 2, 0, 0, 0, 0, 0, 0, 2, 2, 2, 0, 2, 0, 0, 0, 2, 2, 2, 2, 0, 2, 2, 2, 0, 2, 0, 0, 2, 2, 2, 0, 0, 2, 2, 2, 0, 2, 0, 0, 2, 0, 2, 2, 2, 2, 2, 2, 2, 2, 2, 0, 0, 0, 2, 2, 2, 0, 2, 2, 0, 2, 0, 2, 0, 2]
all_targets = 
[2, 2, 2, 2, 2, 2, 2, 1, 0, 2, 0, 0, 2, 0, 2, 2, 2, 0, 2, 2, 2, 2, 2, 0, 0, 2, 2, 2, 2, 2, 2, 0, 2, 2, 2, 2, 0, 0, 0, 2, 2, 0, 2, 2, 2, 0, 2, 0, 0, 0, 2, 2, 2, 2, 0, 2, 2, 2, 0, 2, 2, 0, 2, 2, 2, 0, 0, 2, 2, 2, 0, 1, 2, 0, 2, 0, 2, 2, 2, 2, 2, 2, 2, 2, 2, 1, 0, 0, 2, 2, 2, 0, 2, 2, 2, 2, 2, 2, 0, 2]
