Epoch [1/1000], Loss: 0.8780
Epoch [2/1000], Loss: 0.6835
Epoch [3/1000], Loss: 0.6717
Epoch [4/1000], Loss: 0.6633
Epoch [5/1000], Loss: 0.6500
Epoch [6/1000], Loss: 0.6136
Epoch [7/1000], Loss: 0.5659
Epoch [8/1000], Loss: 0.5385
Epoch [9/1000], Loss: 0.5031
Epoch [10/1000], Loss: 0.4753
Epoch [11/1000], Loss: 0.4505
Epoch [12/1000], Loss: 0.4135
Epoch [13/1000], Loss: 0.3972
Epoch [14/1000], Loss: 0.3764
Epoch [15/1000], Loss: 0.3574
Epoch [16/1000], Loss: 0.3309
Epoch [17/1000], Loss: 0.3338
Epoch [18/1000], Loss: 0.3114
Epoch [19/1000], Loss: 0.2852
Epoch [20/1000], Loss: 0.2813
Epoch [21/1000], Loss: 0.2637
Epoch [22/1000], Loss: 0.2749
Early stopping triggered.
Test Accuracy: 0.8500
all_predictions = 
[2, 2, 2, 2, 2, 2, 2, 0, 0, 0, 0, 0, 2, 0, 2, 2, 2, 0, 2, 2, 0, 2, 2, 0, 2, 0, 2, 2, 2, 0, 0, 0, 2, 2, 2, 2, 0, 0, 0, 2, 0, 0, 2, 2, 2, 0, 2, 0, 0, 0, 2, 2, 2, 2, 2, 2, 2, 2, 0, 2, 0, 0, 2, 2, 2, 0, 0, 2, 2, 2, 2, 2, 0, 0, 2, 0, 2, 2, 2, 2, 2, 2, 2, 2, 2, 2, 0, 0, 2, 2, 2, 0, 2, 2, 2, 2, 0, 2, 0, 2]
all_targets = 
[2, 2, 2, 2, 2, 2, 2, 1, 0, 2, 0, 0, 2, 0, 2, 2, 2, 0, 2, 2, 2, 2, 2, 0, 0, 2, 2, 2, 2, 2, 2, 0, 2, 2, 2, 2, 0, 0, 0, 2, 2, 0, 2, 2, 2, 0, 2, 0, 0, 0, 2, 2, 2, 2, 0, 2, 2, 2, 0, 2, 2, 0, 2, 2, 2, 0, 0, 2, 2, 2, 0, 1, 2, 0, 2, 0, 2, 2, 2, 2, 2, 2, 2, 2, 2, 1, 0, 0, 2, 2, 2, 0, 2, 2, 2, 2, 2, 2, 0, 2]
