Epoch [1/1000], Loss: 0.8372
Epoch [2/1000], Loss: 0.6838
Epoch [3/1000], Loss: 0.5862
Epoch [4/1000], Loss: 0.5133
Epoch [5/1000], Loss: 0.4647
Epoch [6/1000], Loss: 0.4379
Epoch [7/1000], Loss: 0.3861
Epoch [8/1000], Loss: 0.3460
Epoch [9/1000], Loss: 0.3373
Epoch [10/1000], Loss: 0.3216
Epoch [11/1000], Loss: 0.3467
Epoch [12/1000], Loss: 0.3161
Epoch [13/1000], Loss: 0.2871
Epoch [14/1000], Loss: 0.2842
Early stopping triggered.
Test Accuracy: 0.8400
all_predictions = 
[2, 2, 2, 2, 2, 2, 2, 0, 0, 0, 0, 0, 2, 0, 2, 2, 2, 0, 2, 2, 0, 2, 2, 0, 0, 0, 2, 2, 2, 0, 0, 0, 2, 2, 2, 2, 0, 0, 0, 0, 0, 0, 2, 2, 2, 0, 2, 0, 0, 0, 2, 2, 2, 2, 0, 2, 2, 2, 0, 0, 0, 0, 2, 2, 2, 0, 0, 2, 2, 2, 0, 2, 0, 0, 2, 0, 2, 2, 2, 2, 2, 2, 2, 2, 2, 0, 0, 0, 2, 0, 2, 0, 2, 2, 2, 0, 0, 2, 0, 2]
all_targets = 
[2, 2, 2, 2, 2, 2, 2, 1, 0, 2, 0, 0, 2, 0, 2, 2, 2, 0, 2, 2, 2, 2, 2, 0, 0, 2, 2, 2, 2, 2, 2, 0, 2, 2, 2, 2, 0, 0, 0, 2, 2, 0, 2, 2, 2, 0, 2, 0, 0, 0, 2, 2, 2, 2, 0, 2, 2, 2, 0, 2, 2, 0, 2, 2, 2, 0, 0, 2, 2, 2, 0, 1, 2, 0, 2, 0, 2, 2, 2, 2, 2, 2, 2, 2, 2, 1, 0, 0, 2, 2, 2, 0, 2, 2, 2, 2, 2, 2, 0, 2]
