Epoch [1/1000], Loss: 1.0514
Epoch [2/1000], Loss: 0.7924
Epoch [3/1000], Loss: 0.7087
Epoch [4/1000], Loss: 0.6475
Epoch [5/1000], Loss: 0.5886
Epoch [6/1000], Loss: 0.5291
Epoch [7/1000], Loss: 0.4897
Epoch [8/1000], Loss: 0.4635
Epoch [9/1000], Loss: 0.4566
Epoch [10/1000], Loss: 0.4387
Epoch [11/1000], Loss: 0.4195
Epoch [12/1000], Loss: 0.4083
Epoch [13/1000], Loss: 0.4026
Epoch [14/1000], Loss: 0.4020
Epoch [15/1000], Loss: 0.3864
Epoch [16/1000], Loss: 0.3793
Epoch [17/1000], Loss: 0.3815
Epoch [18/1000], Loss: 0.3666
Epoch [19/1000], Loss: 0.3662
Early stopping triggered.
Test Accuracy: 0.7915
all_predictions = 
[0, 2, 2, 2, 0, 1, 1, 1, 1, 0, 1, 0, 0, 1, 1, 1, 0, 0, 1, 0, 1, 0, 2, 0, 2, 0, 2, 2, 1, 0, 0, 1, 0, 2, 1, 1, 1, 1, 0, 0, 1, 1, 2, 1, 2, 1, 0, 0, 0, 1, 2, 0, 1, 1, 0, 0, 0, 0, 1, 1, 2, 1, 0, 1, 1, 2, 0, 0, 2, 0, 0, 2, 1, 0, 1, 0, 0, 2, 0, 2, 2, 0, 1, 0, 2, 1, 1, 2, 2, 0, 2, 0, 0, 2, 2, 2, 1, 0, 2, 2, 2, 2, 1, 1, 1, 1, 0, 2, 2, 2, 1, 1, 2, 2, 2, 0, 0, 2, 2, 1, 0, 0, 1, 1, 1, 1, 0, 2, 1, 1, 0, 1, 1, 2, 1, 2, 2, 0, 2, 1, 2, 2, 1, 0, 1, 0, 2, 0, 2, 1, 1, 2, 0, 1, 0, 1, 1, 1, 1, 1, 1, 1, 1, 0, 0, 1, 1, 2, 0, 0, 1, 2, 2, 1, 0, 1, 1, 0, 1, 1, 0, 1, 2, 0, 0, 2, 1, 0, 2, 1, 2, 0, 0, 0, 0, 0, 2, 1, 1, 1, 0, 1, 2, 1, 2, 0, 0, 0, 1, 1, 0]
all_targets = 
[0, 2, 2, 2, 0, 1, 1, 1, 1, 0, 1, 0, 2, 2, 2, 1, 0, 0, 1, 1, 1, 0, 2, 0, 2, 0, 1, 2, 1, 0, 0, 1, 0, 2, 1, 1, 2, 0, 0, 0, 1, 1, 2, 1, 2, 2, 0, 0, 1, 1, 1, 0, 1, 2, 0, 0, 0, 0, 2, 1, 2, 1, 0, 1, 1, 2, 1, 0, 2, 0, 0, 1, 1, 0, 2, 0, 0, 2, 0, 2, 2, 0, 1, 1, 2, 2, 1, 2, 2, 0, 2, 0, 0, 2, 2, 2, 0, 2, 2, 2, 2, 2, 1, 1, 1, 1, 2, 2, 2, 2, 1, 1, 2, 2, 2, 0, 1, 2, 2, 1, 0, 1, 1, 1, 1, 1, 0, 2, 1, 1, 0, 1, 1, 1, 1, 1, 2, 0, 1, 1, 2, 2, 1, 0, 1, 1, 2, 1, 2, 1, 1, 2, 0, 2, 1, 1, 1, 1, 1, 1, 2, 2, 1, 1, 0, 2, 1, 2, 0, 0, 2, 2, 2, 1, 1, 1, 2, 0, 1, 1, 1, 0, 2, 1, 0, 2, 2, 0, 2, 0, 2, 0, 1, 1, 0, 0, 2, 1, 1, 1, 0, 1, 2, 1, 2, 0, 0, 0, 1, 2, 0]
