Epoch [1/1000], Loss: 0.7086
Epoch [2/1000], Loss: 0.5855
Epoch [3/1000], Loss: 0.5608
Epoch [4/1000], Loss: 0.4837
Epoch [5/1000], Loss: 0.4569
Epoch [6/1000], Loss: 0.4274
Epoch [7/1000], Loss: 0.3946
Epoch [8/1000], Loss: 0.3815
Epoch [9/1000], Loss: 0.3530
Epoch [10/1000], Loss: 0.3574
Epoch [11/1000], Loss: 0.3504
Epoch [12/1000], Loss: 0.3245
Epoch [13/1000], Loss: 0.3097
Epoch [14/1000], Loss: 0.3055
Epoch [15/1000], Loss: 0.2905
Epoch [16/1000], Loss: 0.2633
Epoch [17/1000], Loss: 0.2510
Early stopping triggered.
Test Accuracy: 0.8100
all_predictions = 
[2, 2, 2, 2, 2, 2, 0, 0, 0, 0, 0, 0, 2, 0, 2, 2, 0, 0, 2, 0, 2, 2, 2, 0, 2, 0, 2, 2, 2, 0, 0, 0, 2, 2, 2, 2, 0, 0, 0, 0, 0, 0, 2, 2, 2, 0, 2, 0, 0, 0, 2, 2, 2, 2, 2, 2, 2, 2, 0, 2, 0, 0, 2, 2, 2, 0, 0, 2, 2, 2, 2, 2, 0, 0, 2, 0, 2, 2, 2, 2, 2, 2, 2, 2, 2, 0, 0, 0, 2, 2, 2, 0, 2, 2, 0, 2, 0, 2, 0, 2]
all_targets = 
[2, 2, 2, 2, 2, 2, 2, 1, 0, 2, 0, 0, 2, 0, 2, 2, 2, 0, 2, 2, 2, 2, 2, 0, 0, 2, 2, 2, 2, 2, 2, 0, 2, 2, 2, 2, 0, 0, 0, 2, 2, 0, 2, 2, 2, 0, 2, 0, 0, 0, 2, 2, 2, 2, 0, 2, 2, 2, 0, 2, 2, 0, 2, 2, 2, 0, 0, 2, 2, 2, 0, 1, 2, 0, 2, 0, 2, 2, 2, 2, 2, 2, 2, 2, 2, 1, 0, 0, 2, 2, 2, 0, 2, 2, 2, 2, 2, 2, 0, 2]
