Epoch [1/1000], Loss: 0.9927
Epoch [2/1000], Loss: 0.6861
Epoch [3/1000], Loss: 0.5696
Epoch [4/1000], Loss: 0.5104
Epoch [5/1000], Loss: 0.4896
Epoch [6/1000], Loss: 0.4570
Epoch [7/1000], Loss: 0.4333
Epoch [8/1000], Loss: 0.4255
Epoch [9/1000], Loss: 0.4189
Epoch [10/1000], Loss: 0.4092
Early stopping triggered.
Test Accuracy: 0.7630
all_predictions = 
[0, 2, 2, 2, 0, 0, 1, 1, 1, 0, 1, 0, 0, 1, 0, 1, 0, 0, 1, 1, 1, 0, 2, 0, 2, 0, 2, 2, 1, 0, 0, 0, 0, 2, 1, 1, 2, 1, 0, 0, 1, 1, 2, 0, 2, 1, 0, 0, 0, 1, 2, 0, 1, 1, 0, 0, 0, 0, 1, 1, 2, 1, 0, 1, 1, 2, 0, 0, 2, 0, 0, 2, 1, 0, 1, 0, 0, 2, 0, 2, 2, 0, 1, 0, 2, 1, 1, 2, 2, 0, 2, 0, 0, 2, 2, 2, 1, 2, 2, 2, 2, 2, 1, 1, 1, 1, 2, 2, 2, 2, 0, 1, 2, 2, 2, 0, 0, 2, 2, 1, 0, 0, 0, 1, 1, 1, 0, 2, 1, 0, 1, 1, 1, 2, 1, 2, 2, 0, 2, 1, 2, 2, 1, 0, 1, 0, 2, 0, 2, 1, 1, 2, 0, 1, 0, 1, 1, 1, 0, 1, 0, 1, 1, 0, 0, 1, 1, 2, 0, 0, 1, 2, 2, 1, 0, 0, 1, 0, 1, 1, 0, 1, 2, 1, 0, 2, 1, 0, 2, 1, 1, 0, 0, 0, 0, 0, 2, 1, 1, 1, 0, 1, 2, 0, 2, 0, 0, 0, 1, 1, 0]
all_targets = 
[0, 2, 2, 2, 0, 1, 1, 1, 1, 0, 1, 0, 2, 2, 2, 1, 0, 0, 1, 1, 1, 0, 2, 0, 2, 0, 1, 2, 1, 0, 0, 1, 0, 2, 1, 1, 2, 0, 0, 0, 1, 1, 2, 1, 2, 2, 0, 0, 1, 1, 1, 0, 1, 2, 0, 0, 0, 0, 2, 1, 2, 1, 0, 1, 1, 2, 1, 0, 2, 0, 0, 1, 1, 0, 2, 0, 0, 2, 0, 2, 2, 0, 1, 1, 2, 2, 1, 2, 2, 0, 2, 0, 0, 2, 2, 2, 0, 2, 2, 2, 2, 2, 1, 1, 1, 1, 2, 2, 2, 2, 1, 1, 2, 2, 2, 0, 1, 2, 2, 1, 0, 1, 1, 1, 1, 1, 0, 2, 1, 1, 0, 1, 1, 1, 1, 1, 2, 0, 1, 1, 2, 2, 1, 0, 1, 1, 2, 1, 2, 1, 1, 2, 0, 2, 1, 1, 1, 1, 1, 1, 2, 2, 1, 1, 0, 2, 1, 2, 0, 0, 2, 2, 2, 1, 1, 1, 2, 0, 1, 1, 1, 0, 2, 1, 0, 2, 2, 0, 2, 0, 2, 0, 1, 1, 0, 0, 2, 1, 1, 1, 0, 1, 2, 1, 2, 0, 0, 0, 1, 2, 0]
