Epoch [1/1000], Loss: 0.9553
Epoch [2/1000], Loss: 0.7401
Epoch [3/1000], Loss: 0.6870
Epoch [4/1000], Loss: 0.6265
Epoch [5/1000], Loss: 0.5796
Epoch [6/1000], Loss: 0.5485
Epoch [7/1000], Loss: 0.5040
Epoch [8/1000], Loss: 0.4789
Epoch [9/1000], Loss: 0.4646
Epoch [10/1000], Loss: 0.4365
Epoch [11/1000], Loss: 0.4234
Epoch [12/1000], Loss: 0.4114
Epoch [13/1000], Loss: 0.4095
Epoch [14/1000], Loss: 0.3895
Epoch [15/1000], Loss: 0.3827
Epoch [16/1000], Loss: 0.3713
Epoch [17/1000], Loss: 0.3711
Epoch [18/1000], Loss: 0.3510
Epoch [19/1000], Loss: 0.3461
Epoch [20/1000], Loss: 0.3381
Epoch [21/1000], Loss: 0.3330
Epoch [22/1000], Loss: 0.3343
Epoch [23/1000], Loss: 0.3175
Epoch [24/1000], Loss: 0.3133
Epoch [25/1000], Loss: 0.3113
Epoch [26/1000], Loss: 0.2901
Early stopping triggered.
Test Accuracy: 0.8341
all_predictions = 
[0, 2, 2, 2, 0, 1, 1, 1, 1, 0, 1, 0, 0, 1, 1, 1, 0, 0, 1, 1, 1, 0, 2, 0, 2, 0, 2, 2, 1, 1, 0, 1, 0, 2, 1, 1, 2, 1, 0, 0, 1, 1, 2, 1, 2, 1, 0, 0, 1, 1, 2, 0, 1, 1, 0, 0, 0, 0, 1, 1, 2, 1, 0, 1, 1, 2, 0, 0, 2, 0, 0, 2, 1, 0, 1, 0, 0, 2, 0, 2, 2, 0, 1, 0, 2, 1, 1, 2, 2, 0, 2, 0, 2, 2, 2, 2, 0, 2, 2, 2, 2, 2, 1, 1, 1, 1, 2, 2, 2, 2, 1, 1, 2, 2, 2, 0, 2, 2, 2, 1, 0, 0, 1, 1, 1, 1, 0, 2, 1, 1, 1, 1, 1, 2, 1, 2, 2, 0, 2, 1, 2, 2, 1, 0, 1, 0, 2, 2, 2, 1, 1, 2, 0, 1, 1, 1, 1, 1, 1, 1, 1, 1, 1, 0, 0, 1, 1, 2, 0, 0, 1, 2, 2, 1, 0, 1, 1, 0, 1, 1, 0, 0, 2, 1, 0, 2, 1, 0, 2, 0, 2, 0, 1, 1, 0, 0, 2, 1, 1, 1, 0, 1, 2, 1, 2, 0, 0, 0, 1, 1, 0]
all_targets = 
[0, 2, 2, 2, 0, 1, 1, 1, 1, 0, 1, 0, 2, 2, 2, 1, 0, 0, 1, 1, 1, 0, 2, 0, 2, 0, 1, 2, 1, 0, 0, 1, 0, 2, 1, 1, 2, 0, 0, 0, 1, 1, 2, 1, 2, 2, 0, 0, 1, 1, 1, 0, 1, 2, 0, 0, 0, 0, 2, 1, 2, 1, 0, 1, 1, 2, 1, 0, 2, 0, 0, 1, 1, 0, 2, 0, 0, 2, 0, 2, 2, 0, 1, 1, 2, 2, 1, 2, 2, 0, 2, 0, 0, 2, 2, 2, 0, 2, 2, 2, 2, 2, 1, 1, 1, 1, 2, 2, 2, 2, 1, 1, 2, 2, 2, 0, 1, 2, 2, 1, 0, 1, 1, 1, 1, 1, 0, 2, 1, 1, 0, 1, 1, 1, 1, 1, 2, 0, 1, 1, 2, 2, 1, 0, 1, 1, 2, 1, 2, 1, 1, 2, 0, 2, 1, 1, 1, 1, 1, 1, 2, 2, 1, 1, 0, 2, 1, 2, 0, 0, 2, 2, 2, 1, 1, 1, 2, 0, 1, 1, 1, 0, 2, 1, 0, 2, 2, 0, 2, 0, 2, 0, 1, 1, 0, 0, 2, 1, 1, 1, 0, 1, 2, 1, 2, 0, 0, 0, 1, 2, 0]
