Epoch [1/1000], Loss: 0.9740
Epoch [2/1000], Loss: 0.7108
Epoch [3/1000], Loss: 0.6174
Epoch [4/1000], Loss: 0.5571
Epoch [5/1000], Loss: 0.5222
Epoch [6/1000], Loss: 0.4621
Epoch [7/1000], Loss: 0.4399
Epoch [8/1000], Loss: 0.4391
Epoch [9/1000], Loss: 0.4461
Epoch [10/1000], Loss: 0.4310
Epoch [11/1000], Loss: 0.4021
Epoch [12/1000], Loss: 0.3913
Epoch [13/1000], Loss: 0.3828
Epoch [14/1000], Loss: 0.3792
Epoch [15/1000], Loss: 0.3667
Early stopping triggered.
Test Accuracy: 0.8104
all_predictions = 
[0, 2, 2, 2, 0, 1, 1, 1, 1, 0, 1, 0, 0, 1, 2, 1, 0, 0, 1, 1, 1, 0, 2, 1, 2, 0, 2, 2, 1, 1, 0, 1, 2, 2, 1, 1, 2, 1, 0, 0, 1, 1, 2, 1, 2, 1, 0, 0, 1, 1, 2, 0, 1, 1, 0, 0, 0, 0, 1, 1, 2, 1, 0, 2, 1, 2, 0, 0, 2, 0, 0, 2, 1, 0, 1, 0, 0, 2, 0, 2, 2, 0, 1, 2, 2, 1, 1, 2, 2, 0, 2, 0, 2, 2, 2, 2, 1, 2, 2, 2, 2, 2, 1, 1, 1, 1, 2, 2, 2, 2, 1, 1, 2, 2, 2, 0, 2, 2, 2, 1, 0, 0, 1, 1, 1, 1, 0, 2, 1, 1, 1, 1, 1, 2, 1, 2, 2, 0, 2, 2, 2, 2, 1, 0, 2, 0, 2, 0, 2, 1, 1, 2, 0, 2, 1, 1, 1, 1, 1, 2, 1, 1, 1, 0, 0, 1, 1, 2, 0, 0, 2, 2, 2, 1, 0, 1, 1, 0, 1, 1, 0, 0, 2, 1, 0, 2, 1, 0, 2, 1, 2, 0, 1, 1, 0, 0, 2, 1, 1, 1, 0, 1, 2, 1, 2, 0, 0, 0, 1, 1, 0]
all_targets = 
[0, 2, 2, 2, 0, 1, 1, 1, 1, 0, 1, 0, 2, 2, 2, 1, 0, 0, 1, 1, 1, 0, 2, 0, 2, 0, 1, 2, 1, 0, 0, 1, 0, 2, 1, 1, 2, 0, 0, 0, 1, 1, 2, 1, 2, 2, 0, 0, 1, 1, 1, 0, 1, 2, 0, 0, 0, 0, 2, 1, 2, 1, 0, 1, 1, 2, 1, 0, 2, 0, 0, 1, 1, 0, 2, 0, 0, 2, 0, 2, 2, 0, 1, 1, 2, 2, 1, 2, 2, 0, 2, 0, 0, 2, 2, 2, 0, 2, 2, 2, 2, 2, 1, 1, 1, 1, 2, 2, 2, 2, 1, 1, 2, 2, 2, 0, 1, 2, 2, 1, 0, 1, 1, 1, 1, 1, 0, 2, 1, 1, 0, 1, 1, 1, 1, 1, 2, 0, 1, 1, 2, 2, 1, 0, 1, 1, 2, 1, 2, 1, 1, 2, 0, 2, 1, 1, 1, 1, 1, 1, 2, 2, 1, 1, 0, 2, 1, 2, 0, 0, 2, 2, 2, 1, 1, 1, 2, 0, 1, 1, 1, 0, 2, 1, 0, 2, 2, 0, 2, 0, 2, 0, 1, 1, 0, 0, 2, 1, 1, 1, 0, 1, 2, 1, 2, 0, 0, 0, 1, 2, 0]
