Epoch [1/1000], Loss: 1.0703
Epoch [2/1000], Loss: 0.8512
Epoch [3/1000], Loss: 0.7328
Epoch [4/1000], Loss: 0.6616
Epoch [5/1000], Loss: 0.6147
Epoch [6/1000], Loss: 0.5905
Epoch [7/1000], Loss: 0.5650
Epoch [8/1000], Loss: 0.5423
Epoch [9/1000], Loss: 0.5197
Epoch [10/1000], Loss: 0.5218
Epoch [11/1000], Loss: 0.4904
Epoch [12/1000], Loss: 0.4917
Epoch [13/1000], Loss: 0.4729
Epoch [14/1000], Loss: 0.4651
Epoch [15/1000], Loss: 0.4470
Epoch [16/1000], Loss: 0.4372
Epoch [17/1000], Loss: 0.4445
Epoch [18/1000], Loss: 0.4317
Epoch [19/1000], Loss: 0.4168
Epoch [20/1000], Loss: 0.4093
Epoch [21/1000], Loss: 0.3917
Epoch [22/1000], Loss: 0.3889
Epoch [23/1000], Loss: 0.3948
Epoch [24/1000], Loss: 0.3913
Epoch [25/1000], Loss: 0.3790
Epoch [26/1000], Loss: 0.3810
Epoch [27/1000], Loss: 0.3678
Epoch [28/1000], Loss: 0.3627
Epoch [29/1000], Loss: 0.3733
Epoch [30/1000], Loss: 0.3583
Epoch [31/1000], Loss: 0.3664
Epoch [32/1000], Loss: 0.3504
Early stopping triggered.
Test Accuracy: 0.8152
all_predictions = 
[0, 2, 2, 2, 0, 1, 1, 1, 1, 0, 1, 0, 0, 1, 1, 1, 0, 0, 1, 1, 1, 0, 2, 0, 2, 0, 2, 2, 1, 0, 0, 1, 0, 2, 1, 1, 1, 1, 0, 0, 1, 1, 2, 1, 2, 2, 0, 0, 0, 1, 2, 0, 1, 1, 0, 0, 0, 0, 1, 1, 2, 1, 0, 2, 1, 2, 0, 0, 2, 0, 0, 2, 1, 0, 1, 0, 0, 2, 0, 2, 2, 0, 1, 0, 2, 1, 1, 2, 2, 0, 2, 0, 2, 2, 2, 2, 1, 2, 2, 2, 2, 2, 1, 2, 1, 1, 2, 2, 2, 2, 0, 1, 2, 2, 2, 0, 0, 2, 2, 1, 0, 0, 1, 1, 1, 1, 0, 2, 1, 1, 1, 1, 1, 2, 1, 2, 2, 0, 2, 2, 2, 2, 1, 0, 1, 0, 2, 1, 2, 1, 1, 2, 0, 2, 1, 1, 1, 1, 1, 1, 1, 1, 1, 0, 0, 1, 1, 2, 0, 0, 2, 2, 2, 1, 0, 1, 1, 0, 1, 1, 0, 1, 2, 1, 0, 2, 1, 0, 2, 1, 2, 0, 1, 1, 0, 0, 2, 1, 1, 1, 0, 1, 2, 1, 2, 0, 0, 0, 1, 1, 0]
all_targets = 
[0, 2, 2, 2, 0, 1, 1, 1, 1, 0, 1, 0, 2, 2, 2, 1, 0, 0, 1, 1, 1, 0, 2, 0, 2, 0, 1, 2, 1, 0, 0, 1, 0, 2, 1, 1, 2, 0, 0, 0, 1, 1, 2, 1, 2, 2, 0, 0, 1, 1, 1, 0, 1, 2, 0, 0, 0, 0, 2, 1, 2, 1, 0, 1, 1, 2, 1, 0, 2, 0, 0, 1, 1, 0, 2, 0, 0, 2, 0, 2, 2, 0, 1, 1, 2, 2, 1, 2, 2, 0, 2, 0, 0, 2, 2, 2, 0, 2, 2, 2, 2, 2, 1, 1, 1, 1, 2, 2, 2, 2, 1, 1, 2, 2, 2, 0, 1, 2, 2, 1, 0, 1, 1, 1, 1, 1, 0, 2, 1, 1, 0, 1, 1, 1, 1, 1, 2, 0, 1, 1, 2, 2, 1, 0, 1, 1, 2, 1, 2, 1, 1, 2, 0, 2, 1, 1, 1, 1, 1, 1, 2, 2, 1, 1, 0, 2, 1, 2, 0, 0, 2, 2, 2, 1, 1, 1, 2, 0, 1, 1, 1, 0, 2, 1, 0, 2, 2, 0, 2, 0, 2, 0, 1, 1, 0, 0, 2, 1, 1, 1, 0, 1, 2, 1, 2, 0, 0, 0, 1, 2, 0]
