Epoch [1/1000], Loss: 1.0472
Epoch [2/1000], Loss: 0.7909
Epoch [3/1000], Loss: 0.6527
Epoch [4/1000], Loss: 0.5753
Epoch [5/1000], Loss: 0.5365
Epoch [6/1000], Loss: 0.5081
Epoch [7/1000], Loss: 0.4745
Epoch [8/1000], Loss: 0.4560
Epoch [9/1000], Loss: 0.4377
Epoch [10/1000], Loss: 0.4278
Epoch [11/1000], Loss: 0.4097
Epoch [12/1000], Loss: 0.4005
Epoch [13/1000], Loss: 0.3915
Epoch [14/1000], Loss: 0.3865
Epoch [15/1000], Loss: 0.3811
Epoch [16/1000], Loss: 0.3697
Epoch [17/1000], Loss: 0.3746
Epoch [18/1000], Loss: 0.3614
Epoch [19/1000], Loss: 0.3531
Epoch [20/1000], Loss: 0.3605
Epoch [21/1000], Loss: 0.3438
Epoch [22/1000], Loss: 0.3383
Epoch [23/1000], Loss: 0.3270
Epoch [24/1000], Loss: 0.3334
Epoch [25/1000], Loss: 0.3213
Epoch [26/1000], Loss: 0.3201
Epoch [27/1000], Loss: 0.3151
Epoch [28/1000], Loss: 0.3130
Epoch [29/1000], Loss: 0.3060
Epoch [30/1000], Loss: 0.3098
Epoch [31/1000], Loss: 0.2994
Epoch [32/1000], Loss: 0.3087
Epoch [33/1000], Loss: 0.3021
Epoch [34/1000], Loss: 0.2907
Epoch [35/1000], Loss: 0.2854
Epoch [36/1000], Loss: 0.2843
Epoch [37/1000], Loss: 0.2832
Epoch [38/1000], Loss: 0.2821
Early stopping triggered.
Test Accuracy: 0.8531
all_predictions = 
[0, 2, 2, 2, 0, 1, 1, 1, 1, 0, 1, 0, 0, 2, 2, 1, 0, 0, 1, 1, 1, 0, 2, 0, 2, 0, 2, 2, 1, 1, 0, 1, 0, 2, 1, 1, 2, 1, 0, 0, 1, 1, 2, 1, 2, 2, 0, 0, 1, 1, 2, 0, 1, 1, 0, 0, 0, 0, 2, 1, 2, 1, 0, 1, 1, 2, 0, 0, 2, 0, 0, 2, 1, 0, 1, 0, 0, 2, 0, 2, 2, 0, 1, 0, 2, 1, 1, 2, 2, 0, 2, 0, 2, 2, 2, 2, 0, 2, 2, 2, 2, 2, 1, 1, 1, 1, 2, 2, 2, 2, 1, 1, 2, 2, 2, 0, 0, 2, 2, 1, 0, 0, 1, 1, 1, 1, 0, 2, 1, 1, 1, 1, 1, 2, 1, 2, 2, 0, 2, 1, 2, 2, 1, 0, 1, 0, 2, 0, 2, 1, 1, 2, 0, 2, 1, 1, 1, 1, 1, 2, 1, 1, 1, 1, 0, 2, 1, 2, 0, 0, 2, 2, 2, 1, 0, 1, 1, 0, 1, 1, 0, 1, 2, 1, 0, 2, 1, 0, 2, 1, 2, 0, 1, 1, 0, 0, 2, 1, 1, 1, 1, 1, 2, 1, 2, 0, 0, 0, 1, 1, 0]
all_targets = 
[0, 2, 2, 2, 0, 1, 1, 1, 1, 0, 1, 0, 2, 2, 2, 1, 0, 0, 1, 1, 1, 0, 2, 0, 2, 0, 1, 2, 1, 0, 0, 1, 0, 2, 1, 1, 2, 0, 0, 0, 1, 1, 2, 1, 2, 2, 0, 0, 1, 1, 1, 0, 1, 2, 0, 0, 0, 0, 2, 1, 2, 1, 0, 1, 1, 2, 1, 0, 2, 0, 0, 1, 1, 0, 2, 0, 0, 2, 0, 2, 2, 0, 1, 1, 2, 2, 1, 2, 2, 0, 2, 0, 0, 2, 2, 2, 0, 2, 2, 2, 2, 2, 1, 1, 1, 1, 2, 2, 2, 2, 1, 1, 2, 2, 2, 0, 1, 2, 2, 1, 0, 1, 1, 1, 1, 1, 0, 2, 1, 1, 0, 1, 1, 1, 1, 1, 2, 0, 1, 1, 2, 2, 1, 0, 1, 1, 2, 1, 2, 1, 1, 2, 0, 2, 1, 1, 1, 1, 1, 1, 2, 2, 1, 1, 0, 2, 1, 2, 0, 0, 2, 2, 2, 1, 1, 1, 2, 0, 1, 1, 1, 0, 2, 1, 0, 2, 2, 0, 2, 0, 2, 0, 1, 1, 0, 0, 2, 1, 1, 1, 0, 1, 2, 1, 2, 0, 0, 0, 1, 2, 0]
