Epoch [1/1000], Loss: 0.7205
Epoch [2/1000], Loss: 0.6557
Epoch [3/1000], Loss: 0.5656
Epoch [4/1000], Loss: 0.5193
Epoch [5/1000], Loss: 0.4611
Epoch [6/1000], Loss: 0.4525
Epoch [7/1000], Loss: 0.4313
Epoch [8/1000], Loss: 0.4044
Epoch [9/1000], Loss: 0.3929
Epoch [10/1000], Loss: 0.3653
Epoch [11/1000], Loss: 0.3567
Epoch [12/1000], Loss: 0.3294
Epoch [13/1000], Loss: 0.3214
Epoch [14/1000], Loss: 0.2984
Epoch [15/1000], Loss: 0.2937
Epoch [16/1000], Loss: 0.2946
Epoch [17/1000], Loss: 0.2630
Epoch [18/1000], Loss: 0.2717
Epoch [19/1000], Loss: 0.2691
Epoch [20/1000], Loss: 0.2447
Epoch [21/1000], Loss: 0.2262
Epoch [22/1000], Loss: 0.2171
Epoch [23/1000], Loss: 0.2032
Epoch [24/1000], Loss: 0.2058
Epoch [25/1000], Loss: 0.1909
Early stopping triggered.
Test Accuracy: 0.8800
all_predictions = 
[2, 2, 2, 2, 2, 2, 2, 0, 0, 2, 0, 0, 2, 0, 2, 2, 2, 0, 2, 2, 0, 2, 2, 0, 2, 0, 2, 2, 2, 0, 0, 0, 2, 2, 2, 2, 0, 0, 0, 2, 2, 0, 2, 2, 2, 0, 2, 0, 0, 0, 2, 2, 2, 2, 0, 2, 2, 2, 0, 2, 0, 0, 2, 2, 2, 0, 0, 2, 2, 2, 2, 2, 0, 0, 2, 0, 2, 2, 2, 2, 2, 2, 2, 2, 2, 0, 0, 0, 2, 2, 2, 0, 2, 2, 2, 2, 0, 2, 0, 2]
all_targets = 
[2, 2, 2, 2, 2, 2, 2, 1, 0, 2, 0, 0, 2, 0, 2, 2, 2, 0, 2, 2, 2, 2, 2, 0, 0, 2, 2, 2, 2, 2, 2, 0, 2, 2, 2, 2, 0, 0, 0, 2, 2, 0, 2, 2, 2, 0, 2, 0, 0, 0, 2, 2, 2, 2, 0, 2, 2, 2, 0, 2, 2, 0, 2, 2, 2, 0, 0, 2, 2, 2, 0, 1, 2, 0, 2, 0, 2, 2, 2, 2, 2, 2, 2, 2, 2, 1, 0, 0, 2, 2, 2, 0, 2, 2, 2, 2, 2, 2, 0, 2]
