Epoch [1/1000], Loss: 1.1177
Epoch [2/1000], Loss: 0.9081
Epoch [3/1000], Loss: 0.7177
Epoch [4/1000], Loss: 0.6363
Epoch [5/1000], Loss: 0.6068
Epoch [6/1000], Loss: 0.6010
Epoch [7/1000], Loss: 0.5776
Epoch [8/1000], Loss: 0.5684
Epoch [9/1000], Loss: 0.5506
Epoch [10/1000], Loss: 0.5357
Epoch [11/1000], Loss: 0.5298
Epoch [12/1000], Loss: 0.5190
Epoch [13/1000], Loss: 0.5030
Epoch [14/1000], Loss: 0.5026
Epoch [15/1000], Loss: 0.4834
Epoch [16/1000], Loss: 0.4731
Epoch [17/1000], Loss: 0.4706
Epoch [18/1000], Loss: 0.4534
Epoch [19/1000], Loss: 0.4437
Epoch [20/1000], Loss: 0.4432
Epoch [21/1000], Loss: 0.4308
Epoch [22/1000], Loss: 0.4337
Epoch [23/1000], Loss: 0.4170
Epoch [24/1000], Loss: 0.4238
Epoch [25/1000], Loss: 0.4151
Epoch [26/1000], Loss: 0.4101
Epoch [27/1000], Loss: 0.4071
Epoch [28/1000], Loss: 0.4021
Epoch [29/1000], Loss: 0.4067
Epoch [30/1000], Loss: 0.4022
Epoch [31/1000], Loss: 0.3970
Early stopping triggered.
Test Accuracy: 0.8152
all_predictions = 
[0, 2, 2, 2, 0, 1, 1, 1, 1, 0, 1, 0, 1, 1, 1, 1, 0, 0, 1, 1, 1, 0, 2, 0, 2, 0, 2, 2, 1, 0, 0, 1, 0, 2, 1, 1, 1, 1, 0, 0, 1, 1, 2, 0, 2, 1, 0, 0, 0, 1, 2, 0, 1, 1, 0, 0, 0, 0, 1, 1, 2, 1, 0, 1, 1, 2, 0, 0, 2, 0, 0, 2, 1, 0, 1, 0, 0, 2, 0, 2, 2, 0, 1, 0, 2, 1, 1, 2, 2, 0, 2, 0, 0, 2, 2, 2, 0, 2, 2, 2, 2, 2, 1, 1, 1, 1, 2, 2, 2, 2, 1, 1, 2, 2, 2, 0, 0, 2, 2, 1, 0, 0, 0, 1, 1, 1, 0, 2, 1, 1, 1, 1, 1, 2, 1, 2, 2, 0, 2, 1, 2, 2, 1, 0, 1, 0, 2, 0, 2, 1, 1, 2, 0, 1, 1, 1, 1, 1, 1, 1, 0, 1, 1, 0, 0, 1, 1, 2, 0, 0, 1, 2, 2, 1, 0, 1, 1, 0, 1, 1, 0, 0, 2, 1, 0, 2, 1, 0, 2, 0, 2, 0, 0, 0, 0, 0, 2, 1, 1, 1, 0, 1, 2, 1, 2, 0, 0, 0, 1, 1, 0]
all_targets = 
[0, 2, 2, 2, 0, 1, 1, 1, 1, 0, 1, 0, 2, 2, 2, 1, 0, 0, 1, 1, 1, 0, 2, 0, 2, 0, 1, 2, 1, 0, 0, 1, 0, 2, 1, 1, 2, 0, 0, 0, 1, 1, 2, 1, 2, 2, 0, 0, 1, 1, 1, 0, 1, 2, 0, 0, 0, 0, 2, 1, 2, 1, 0, 1, 1, 2, 1, 0, 2, 0, 0, 1, 1, 0, 2, 0, 0, 2, 0, 2, 2, 0, 1, 1, 2, 2, 1, 2, 2, 0, 2, 0, 0, 2, 2, 2, 0, 2, 2, 2, 2, 2, 1, 1, 1, 1, 2, 2, 2, 2, 1, 1, 2, 2, 2, 0, 1, 2, 2, 1, 0, 1, 1, 1, 1, 1, 0, 2, 1, 1, 0, 1, 1, 1, 1, 1, 2, 0, 1, 1, 2, 2, 1, 0, 1, 1, 2, 1, 2, 1, 1, 2, 0, 2, 1, 1, 1, 1, 1, 1, 2, 2, 1, 1, 0, 2, 1, 2, 0, 0, 2, 2, 2, 1, 1, 1, 2, 0, 1, 1, 1, 0, 2, 1, 0, 2, 2, 0, 2, 0, 2, 0, 1, 1, 0, 0, 2, 1, 1, 1, 0, 1, 2, 1, 2, 0, 0, 0, 1, 2, 0]
