Epoch [1/1000], Loss: 1.0790
Epoch [2/1000], Loss: 0.8233
Epoch [3/1000], Loss: 0.7622
Epoch [4/1000], Loss: 0.7084
Epoch [5/1000], Loss: 0.6633
Epoch [6/1000], Loss: 0.6381
Epoch [7/1000], Loss: 0.6411
Epoch [8/1000], Loss: 0.6184
Epoch [9/1000], Loss: 0.5847
Epoch [10/1000], Loss: 0.5839
Epoch [11/1000], Loss: 0.5546
Epoch [12/1000], Loss: 0.5415
Epoch [13/1000], Loss: 0.5180
Epoch [14/1000], Loss: 0.5155
Epoch [15/1000], Loss: 0.4916
Epoch [16/1000], Loss: 0.4746
Epoch [17/1000], Loss: 0.4652
Epoch [18/1000], Loss: 0.4570
Epoch [19/1000], Loss: 0.4674
Epoch [20/1000], Loss: 0.4517
Epoch [21/1000], Loss: 0.4461
Epoch [22/1000], Loss: 0.4413
Epoch [23/1000], Loss: 0.4331
Epoch [24/1000], Loss: 0.4338
Epoch [25/1000], Loss: 0.4435
Epoch [26/1000], Loss: 0.4237
Epoch [27/1000], Loss: 0.4180
Epoch [28/1000], Loss: 0.4180
Epoch [29/1000], Loss: 0.4134
Epoch [30/1000], Loss: 0.4060
Early stopping triggered.
Test Accuracy: 0.8009
all_predictions = 
[0, 2, 2, 2, 0, 1, 1, 1, 1, 0, 1, 0, 2, 1, 1, 1, 1, 0, 1, 1, 1, 0, 2, 0, 2, 0, 2, 2, 1, 0, 0, 1, 2, 2, 1, 1, 2, 1, 0, 0, 1, 1, 2, 1, 2, 1, 0, 0, 1, 1, 2, 0, 1, 1, 0, 0, 0, 0, 1, 1, 2, 1, 0, 2, 1, 2, 0, 0, 2, 0, 0, 2, 1, 0, 1, 0, 1, 2, 0, 2, 2, 0, 1, 2, 2, 2, 1, 2, 2, 1, 2, 0, 2, 2, 2, 2, 1, 2, 2, 2, 2, 2, 1, 1, 1, 1, 2, 2, 2, 2, 1, 1, 2, 2, 2, 0, 2, 2, 2, 1, 0, 0, 1, 1, 1, 1, 0, 2, 1, 1, 1, 1, 1, 2, 1, 2, 2, 0, 2, 1, 2, 2, 1, 0, 1, 2, 2, 2, 2, 1, 1, 2, 0, 1, 1, 1, 1, 1, 0, 1, 1, 1, 1, 0, 0, 1, 1, 2, 0, 0, 1, 2, 2, 1, 1, 1, 1, 0, 1, 1, 0, 1, 2, 1, 0, 2, 1, 0, 2, 1, 2, 0, 1, 1, 0, 0, 2, 1, 1, 1, 0, 1, 2, 0, 2, 0, 1, 0, 1, 1, 0]
all_targets = 
[0, 2, 2, 2, 0, 1, 1, 1, 1, 0, 1, 0, 2, 2, 2, 1, 0, 0, 1, 1, 1, 0, 2, 0, 2, 0, 1, 2, 1, 0, 0, 1, 0, 2, 1, 1, 2, 0, 0, 0, 1, 1, 2, 1, 2, 2, 0, 0, 1, 1, 1, 0, 1, 2, 0, 0, 0, 0, 2, 1, 2, 1, 0, 1, 1, 2, 1, 0, 2, 0, 0, 1, 1, 0, 2, 0, 0, 2, 0, 2, 2, 0, 1, 1, 2, 2, 1, 2, 2, 0, 2, 0, 0, 2, 2, 2, 0, 2, 2, 2, 2, 2, 1, 1, 1, 1, 2, 2, 2, 2, 1, 1, 2, 2, 2, 0, 1, 2, 2, 1, 0, 1, 1, 1, 1, 1, 0, 2, 1, 1, 0, 1, 1, 1, 1, 1, 2, 0, 1, 1, 2, 2, 1, 0, 1, 1, 2, 1, 2, 1, 1, 2, 0, 2, 1, 1, 1, 1, 1, 1, 2, 2, 1, 1, 0, 2, 1, 2, 0, 0, 2, 2, 2, 1, 1, 1, 2, 0, 1, 1, 1, 0, 2, 1, 0, 2, 2, 0, 2, 0, 2, 0, 1, 1, 0, 0, 2, 1, 1, 1, 0, 1, 2, 1, 2, 0, 0, 0, 1, 2, 0]
