Epoch [1/1000], Loss: 0.6819
Epoch [2/1000], Loss: 0.5959
Epoch [3/1000], Loss: 0.5191
Epoch [4/1000], Loss: 0.4591
Epoch [5/1000], Loss: 0.4261
Epoch [6/1000], Loss: 0.4000
Epoch [7/1000], Loss: 0.3799
Epoch [8/1000], Loss: 0.3571
Epoch [9/1000], Loss: 0.3464
Epoch [10/1000], Loss: 0.3274
Epoch [11/1000], Loss: 0.3140
Epoch [12/1000], Loss: 0.2983
Epoch [13/1000], Loss: 0.2867
Early stopping triggered.
Test Accuracy: 0.8100
all_predictions = 
[2, 2, 2, 2, 2, 2, 2, 0, 0, 0, 0, 0, 2, 0, 2, 2, 2, 0, 2, 2, 2, 2, 2, 0, 0, 0, 2, 2, 2, 2, 0, 0, 2, 2, 2, 2, 0, 0, 2, 0, 0, 2, 2, 2, 2, 0, 2, 0, 0, 0, 2, 2, 2, 2, 0, 2, 2, 2, 0, 2, 0, 0, 2, 2, 2, 2, 0, 2, 2, 2, 2, 2, 0, 0, 2, 0, 2, 2, 2, 2, 2, 2, 2, 2, 2, 2, 0, 0, 2, 0, 2, 0, 2, 2, 0, 0, 0, 2, 2, 2]
all_targets = 
[2, 2, 2, 2, 2, 2, 2, 1, 0, 2, 0, 0, 2, 0, 2, 2, 2, 0, 2, 2, 2, 2, 2, 0, 0, 2, 2, 2, 2, 2, 2, 0, 2, 2, 2, 2, 0, 0, 0, 2, 2, 0, 2, 2, 2, 0, 2, 0, 0, 0, 2, 2, 2, 2, 0, 2, 2, 2, 0, 2, 2, 0, 2, 2, 2, 0, 0, 2, 2, 2, 0, 1, 2, 0, 2, 0, 2, 2, 2, 2, 2, 2, 2, 2, 2, 1, 0, 0, 2, 2, 2, 0, 2, 2, 2, 2, 2, 2, 0, 2]
