Epoch [1/1000], Loss: 0.8678
Epoch [2/1000], Loss: 0.7461
Epoch [3/1000], Loss: 0.6946
Epoch [4/1000], Loss: 0.6708
Epoch [5/1000], Loss: 0.6467
Epoch [6/1000], Loss: 0.6241
Epoch [7/1000], Loss: 0.5922
Epoch [8/1000], Loss: 0.5892
Epoch [9/1000], Loss: 0.5548
Epoch [10/1000], Loss: 0.5279
Epoch [11/1000], Loss: 0.5294
Epoch [12/1000], Loss: 0.5149
Epoch [13/1000], Loss: 0.4973
Epoch [14/1000], Loss: 0.4799
Epoch [15/1000], Loss: 0.4635
Epoch [16/1000], Loss: 0.4597
Early stopping triggered.
Test Accuracy: 0.7678
all_predictions = 
[0, 2, 2, 2, 0, 1, 1, 1, 1, 0, 1, 0, 2, 1, 1, 1, 0, 0, 1, 0, 1, 0, 2, 0, 2, 0, 2, 2, 1, 0, 0, 1, 2, 2, 1, 1, 1, 1, 0, 0, 1, 1, 2, 0, 2, 1, 0, 0, 0, 1, 2, 0, 1, 1, 0, 0, 0, 0, 1, 1, 2, 1, 0, 1, 1, 2, 0, 0, 2, 0, 0, 2, 1, 0, 1, 1, 0, 2, 0, 2, 2, 1, 1, 2, 2, 1, 1, 2, 2, 0, 2, 0, 2, 2, 2, 2, 1, 2, 2, 2, 2, 2, 1, 1, 0, 0, 2, 2, 2, 2, 0, 1, 2, 2, 2, 0, 2, 2, 2, 1, 0, 0, 0, 1, 1, 1, 0, 2, 1, 1, 1, 1, 1, 2, 1, 2, 2, 0, 2, 1, 2, 2, 1, 0, 1, 0, 2, 0, 2, 1, 1, 2, 0, 1, 1, 1, 1, 1, 1, 1, 0, 1, 1, 0, 0, 1, 1, 2, 0, 0, 1, 2, 2, 1, 0, 1, 1, 0, 0, 0, 0, 0, 2, 1, 0, 2, 1, 0, 2, 0, 2, 0, 0, 0, 0, 0, 2, 1, 1, 1, 0, 1, 2, 1, 2, 0, 0, 0, 1, 1, 0]
all_targets = 
[0, 2, 2, 2, 0, 1, 1, 1, 1, 0, 1, 0, 2, 2, 2, 1, 0, 0, 1, 1, 1, 0, 2, 0, 2, 0, 1, 2, 1, 0, 0, 1, 0, 2, 1, 1, 2, 0, 0, 0, 1, 1, 2, 1, 2, 2, 0, 0, 1, 1, 1, 0, 1, 2, 0, 0, 0, 0, 2, 1, 2, 1, 0, 1, 1, 2, 1, 0, 2, 0, 0, 1, 1, 0, 2, 0, 0, 2, 0, 2, 2, 0, 1, 1, 2, 2, 1, 2, 2, 0, 2, 0, 0, 2, 2, 2, 0, 2, 2, 2, 2, 2, 1, 1, 1, 1, 2, 2, 2, 2, 1, 1, 2, 2, 2, 0, 1, 2, 2, 1, 0, 1, 1, 1, 1, 1, 0, 2, 1, 1, 0, 1, 1, 1, 1, 1, 2, 0, 1, 1, 2, 2, 1, 0, 1, 1, 2, 1, 2, 1, 1, 2, 0, 2, 1, 1, 1, 1, 1, 1, 2, 2, 1, 1, 0, 2, 1, 2, 0, 0, 2, 2, 2, 1, 1, 1, 2, 0, 1, 1, 1, 0, 2, 1, 0, 2, 2, 0, 2, 0, 2, 0, 1, 1, 0, 0, 2, 1, 1, 1, 0, 1, 2, 1, 2, 0, 0, 0, 1, 2, 0]
