Epoch [1/1000], Loss: 0.9975
Epoch [2/1000], Loss: 0.7158
Epoch [3/1000], Loss: 0.6972
Epoch [4/1000], Loss: 0.6880
Epoch [5/1000], Loss: 0.6814
Epoch [6/1000], Loss: 0.6753
Epoch [7/1000], Loss: 0.6693
Epoch [8/1000], Loss: 0.6601
Epoch [9/1000], Loss: 0.6127
Epoch [10/1000], Loss: 0.6134
Epoch [11/1000], Loss: 0.5440
Epoch [12/1000], Loss: 0.5266
Epoch [13/1000], Loss: 0.4779
Epoch [14/1000], Loss: 0.4320
Epoch [15/1000], Loss: 0.3938
Epoch [16/1000], Loss: 0.3853
Epoch [17/1000], Loss: 0.3657
Epoch [18/1000], Loss: 0.3296
Epoch [19/1000], Loss: 0.3131
Epoch [20/1000], Loss: 0.2951
Early stopping triggered.
Test Accuracy: 0.7900
all_predictions = 
[2, 2, 2, 2, 2, 2, 0, 0, 0, 0, 0, 0, 2, 0, 2, 2, 0, 0, 2, 0, 0, 2, 2, 0, 2, 0, 2, 2, 2, 0, 0, 0, 2, 2, 2, 2, 0, 0, 0, 0, 0, 0, 2, 2, 2, 0, 2, 0, 0, 0, 2, 2, 2, 2, 2, 2, 2, 2, 0, 2, 0, 0, 2, 2, 2, 0, 0, 2, 2, 2, 2, 2, 0, 0, 2, 0, 2, 2, 2, 2, 2, 2, 2, 2, 2, 2, 0, 0, 2, 2, 2, 2, 2, 2, 0, 2, 0, 2, 0, 2]
all_targets = 
[2, 2, 2, 2, 2, 2, 2, 1, 0, 2, 0, 0, 2, 0, 2, 2, 2, 0, 2, 2, 2, 2, 2, 0, 0, 2, 2, 2, 2, 2, 2, 0, 2, 2, 2, 2, 0, 0, 0, 2, 2, 0, 2, 2, 2, 0, 2, 0, 0, 0, 2, 2, 2, 2, 0, 2, 2, 2, 0, 2, 2, 0, 2, 2, 2, 0, 0, 2, 2, 2, 0, 1, 2, 0, 2, 0, 2, 2, 2, 2, 2, 2, 2, 2, 2, 1, 0, 0, 2, 2, 2, 0, 2, 2, 2, 2, 2, 2, 0, 2]
