Epoch [1/1000], Loss: 1.0929
Epoch [2/1000], Loss: 0.9371
Epoch [3/1000], Loss: 0.7781
Epoch [4/1000], Loss: 0.7069
Epoch [5/1000], Loss: 0.6383
Epoch [6/1000], Loss: 0.5948
Epoch [7/1000], Loss: 0.5554
Epoch [8/1000], Loss: 0.5262
Epoch [9/1000], Loss: 0.5133
Epoch [10/1000], Loss: 0.4810
Epoch [11/1000], Loss: 0.4710
Epoch [12/1000], Loss: 0.4512
Epoch [13/1000], Loss: 0.4458
Epoch [14/1000], Loss: 0.4342
Epoch [15/1000], Loss: 0.4241
Epoch [16/1000], Loss: 0.4122
Epoch [17/1000], Loss: 0.4054
Epoch [18/1000], Loss: 0.3958
Epoch [19/1000], Loss: 0.3839
Epoch [20/1000], Loss: 0.3752
Epoch [21/1000], Loss: 0.3780
Epoch [22/1000], Loss: 0.3651
Epoch [23/1000], Loss: 0.3754
Epoch [24/1000], Loss: 0.3640
Epoch [25/1000], Loss: 0.3494
Epoch [26/1000], Loss: 0.3508
Epoch [27/1000], Loss: 0.3436
Epoch [28/1000], Loss: 0.3373
Epoch [29/1000], Loss: 0.3403
Epoch [30/1000], Loss: 0.3265
Epoch [31/1000], Loss: 0.3304
Epoch [32/1000], Loss: 0.3203
Epoch [33/1000], Loss: 0.3158
Epoch [34/1000], Loss: 0.3163
Epoch [35/1000], Loss: 0.3116
Epoch [36/1000], Loss: 0.3047
Epoch [37/1000], Loss: 0.3046
Epoch [38/1000], Loss: 0.3054
Epoch [39/1000], Loss: 0.2997
Epoch [40/1000], Loss: 0.2883
Epoch [41/1000], Loss: 0.3028
Epoch [42/1000], Loss: 0.2835
Epoch [43/1000], Loss: 0.2867
Epoch [44/1000], Loss: 0.2768
Epoch [45/1000], Loss: 0.2819
Early stopping triggered.
Test Accuracy: 0.8341
all_predictions = 
[0, 2, 2, 2, 0, 1, 1, 1, 1, 0, 1, 0, 0, 2, 1, 1, 0, 0, 1, 1, 1, 0, 2, 0, 2, 0, 2, 2, 1, 0, 0, 1, 0, 2, 1, 1, 2, 1, 0, 0, 1, 1, 2, 0, 2, 2, 0, 0, 0, 1, 2, 0, 1, 1, 0, 0, 0, 0, 1, 1, 2, 1, 0, 1, 1, 2, 0, 0, 2, 0, 0, 2, 1, 0, 1, 0, 0, 2, 0, 2, 2, 0, 1, 2, 2, 1, 1, 2, 2, 0, 2, 0, 2, 2, 2, 2, 0, 2, 2, 2, 2, 2, 2, 1, 1, 1, 2, 2, 2, 2, 1, 1, 2, 2, 2, 0, 2, 2, 2, 1, 0, 0, 1, 1, 1, 1, 0, 2, 1, 1, 1, 1, 1, 2, 1, 2, 2, 0, 2, 1, 2, 2, 1, 0, 1, 1, 2, 1, 2, 1, 2, 2, 0, 2, 1, 1, 1, 1, 1, 1, 1, 1, 1, 0, 0, 1, 1, 2, 0, 0, 2, 2, 2, 1, 0, 1, 1, 0, 1, 1, 0, 1, 2, 1, 0, 2, 1, 0, 2, 1, 2, 0, 0, 1, 0, 0, 2, 1, 1, 1, 0, 1, 2, 1, 2, 0, 0, 0, 1, 1, 0]
all_targets = 
[0, 2, 2, 2, 0, 1, 1, 1, 1, 0, 1, 0, 2, 2, 2, 1, 0, 0, 1, 1, 1, 0, 2, 0, 2, 0, 1, 2, 1, 0, 0, 1, 0, 2, 1, 1, 2, 0, 0, 0, 1, 1, 2, 1, 2, 2, 0, 0, 1, 1, 1, 0, 1, 2, 0, 0, 0, 0, 2, 1, 2, 1, 0, 1, 1, 2, 1, 0, 2, 0, 0, 1, 1, 0, 2, 0, 0, 2, 0, 2, 2, 0, 1, 1, 2, 2, 1, 2, 2, 0, 2, 0, 0, 2, 2, 2, 0, 2, 2, 2, 2, 2, 1, 1, 1, 1, 2, 2, 2, 2, 1, 1, 2, 2, 2, 0, 1, 2, 2, 1, 0, 1, 1, 1, 1, 1, 0, 2, 1, 1, 0, 1, 1, 1, 1, 1, 2, 0, 1, 1, 2, 2, 1, 0, 1, 1, 2, 1, 2, 1, 1, 2, 0, 2, 1, 1, 1, 1, 1, 1, 2, 2, 1, 1, 0, 2, 1, 2, 0, 0, 2, 2, 2, 1, 1, 1, 2, 0, 1, 1, 1, 0, 2, 1, 0, 2, 2, 0, 2, 0, 2, 0, 1, 1, 0, 0, 2, 1, 1, 1, 0, 1, 2, 1, 2, 0, 0, 0, 1, 2, 0]
