Epoch [1/1000], Loss: 0.8891
Epoch [2/1000], Loss: 0.7056
Epoch [3/1000], Loss: 0.6839
Epoch [4/1000], Loss: 0.6740
Epoch [5/1000], Loss: 0.6620
Epoch [6/1000], Loss: 0.5804
Epoch [7/1000], Loss: 0.5393
Epoch [8/1000], Loss: 0.5059
Epoch [9/1000], Loss: 0.4582
Epoch [10/1000], Loss: 0.4441
Epoch [11/1000], Loss: 0.4274
Epoch [12/1000], Loss: 0.4026
Epoch [13/1000], Loss: 0.3908
Epoch [14/1000], Loss: 0.3657
Epoch [15/1000], Loss: 0.3668
Epoch [16/1000], Loss: 0.3392
Epoch [17/1000], Loss: 0.3316
Early stopping triggered.
Test Accuracy: 0.8000
all_predictions = 
[2, 2, 2, 2, 2, 2, 0, 0, 0, 0, 0, 0, 2, 0, 2, 2, 0, 0, 2, 0, 0, 2, 2, 0, 2, 0, 2, 2, 2, 0, 2, 0, 2, 2, 2, 2, 0, 0, 0, 0, 0, 0, 2, 2, 2, 0, 2, 0, 0, 0, 2, 2, 2, 2, 2, 2, 2, 2, 0, 2, 0, 0, 2, 2, 2, 0, 0, 2, 2, 2, 2, 2, 0, 0, 2, 0, 2, 2, 2, 2, 2, 2, 2, 2, 2, 2, 0, 0, 2, 2, 2, 2, 2, 2, 2, 0, 0, 2, 0, 2]
all_targets = 
[2, 2, 2, 2, 2, 2, 2, 1, 0, 2, 0, 0, 2, 0, 2, 2, 2, 0, 2, 2, 2, 2, 2, 0, 0, 2, 2, 2, 2, 2, 2, 0, 2, 2, 2, 2, 0, 0, 0, 2, 2, 0, 2, 2, 2, 0, 2, 0, 0, 0, 2, 2, 2, 2, 0, 2, 2, 2, 0, 2, 2, 0, 2, 2, 2, 0, 0, 2, 2, 2, 0, 1, 2, 0, 2, 0, 2, 2, 2, 2, 2, 2, 2, 2, 2, 1, 0, 0, 2, 2, 2, 0, 2, 2, 2, 2, 2, 2, 0, 2]
