Epoch [1/1000], Loss: 0.7468
Epoch [2/1000], Loss: 0.6472
Epoch [3/1000], Loss: 0.5374
Epoch [4/1000], Loss: 0.4783
Epoch [5/1000], Loss: 0.4440
Epoch [6/1000], Loss: 0.4172
Epoch [7/1000], Loss: 0.3966
Epoch [8/1000], Loss: 0.3632
Epoch [9/1000], Loss: 0.3271
Epoch [10/1000], Loss: 0.3241
Epoch [11/1000], Loss: 0.2972
Epoch [12/1000], Loss: 0.2930
Epoch [13/1000], Loss: 0.2897
Early stopping triggered.
Test Accuracy: 0.8000
all_predictions = 
[2, 2, 2, 2, 2, 2, 2, 0, 0, 0, 0, 0, 2, 0, 2, 2, 2, 0, 2, 2, 2, 2, 2, 0, 2, 0, 2, 2, 2, 0, 0, 2, 2, 2, 2, 2, 0, 0, 2, 0, 0, 2, 2, 2, 2, 0, 2, 0, 0, 0, 2, 2, 2, 2, 2, 2, 2, 2, 0, 2, 0, 0, 2, 2, 2, 2, 0, 2, 2, 2, 2, 2, 2, 0, 2, 2, 2, 2, 2, 2, 2, 2, 2, 2, 2, 2, 0, 0, 2, 2, 2, 2, 2, 2, 0, 2, 2, 2, 0, 2]
all_targets = 
[2, 2, 2, 2, 2, 2, 2, 1, 0, 2, 0, 0, 2, 0, 2, 2, 2, 0, 2, 2, 2, 2, 2, 0, 0, 2, 2, 2, 2, 2, 2, 0, 2, 2, 2, 2, 0, 0, 0, 2, 2, 0, 2, 2, 2, 0, 2, 0, 0, 0, 2, 2, 2, 2, 0, 2, 2, 2, 0, 2, 2, 0, 2, 2, 2, 0, 0, 2, 2, 2, 0, 1, 2, 0, 2, 0, 2, 2, 2, 2, 2, 2, 2, 2, 2, 1, 0, 0, 2, 2, 2, 0, 2, 2, 2, 2, 2, 2, 0, 2]
