Epoch [1/1000], Loss: 1.0300
Epoch [2/1000], Loss: 0.7805
Epoch [3/1000], Loss: 0.6831
Epoch [4/1000], Loss: 0.6252
Epoch [5/1000], Loss: 0.5794
Epoch [6/1000], Loss: 0.5429
Epoch [7/1000], Loss: 0.5163
Epoch [8/1000], Loss: 0.5033
Epoch [9/1000], Loss: 0.4970
Epoch [10/1000], Loss: 0.4739
Epoch [11/1000], Loss: 0.4584
Epoch [12/1000], Loss: 0.4629
Epoch [13/1000], Loss: 0.4537
Epoch [14/1000], Loss: 0.4348
Epoch [15/1000], Loss: 0.4410
Epoch [16/1000], Loss: 0.4280
Epoch [17/1000], Loss: 0.4376
Epoch [18/1000], Loss: 0.4141
Epoch [19/1000], Loss: 0.4258
Epoch [20/1000], Loss: 0.4290
Epoch [21/1000], Loss: 0.4096
Epoch [22/1000], Loss: 0.3973
Epoch [23/1000], Loss: 0.3986
Epoch [24/1000], Loss: 0.3965
Early stopping triggered.
Test Accuracy: 0.8104
all_predictions = 
[0, 2, 2, 2, 0, 1, 1, 1, 1, 0, 1, 0, 0, 1, 1, 1, 0, 0, 1, 1, 1, 0, 2, 0, 2, 0, 2, 2, 1, 0, 0, 1, 0, 2, 1, 1, 2, 1, 0, 0, 1, 1, 2, 0, 2, 1, 0, 0, 0, 1, 2, 0, 1, 1, 0, 0, 0, 0, 1, 1, 2, 1, 0, 2, 1, 2, 0, 0, 2, 0, 0, 2, 1, 0, 1, 0, 0, 2, 0, 2, 2, 0, 1, 2, 2, 1, 1, 2, 2, 0, 2, 0, 2, 2, 2, 2, 0, 2, 2, 2, 2, 2, 1, 1, 1, 1, 2, 2, 2, 2, 0, 1, 2, 2, 2, 0, 2, 2, 2, 1, 0, 0, 0, 1, 1, 1, 0, 2, 1, 1, 1, 1, 1, 2, 1, 2, 2, 0, 2, 1, 2, 2, 1, 0, 1, 0, 2, 0, 2, 1, 1, 2, 0, 1, 1, 1, 1, 1, 1, 1, 0, 0, 1, 0, 0, 1, 1, 2, 0, 0, 2, 2, 2, 1, 0, 1, 1, 0, 1, 1, 0, 0, 2, 1, 0, 2, 0, 0, 2, 0, 2, 0, 0, 0, 0, 0, 2, 1, 1, 1, 0, 1, 2, 1, 2, 0, 0, 0, 1, 1, 0]
all_targets = 
[0, 2, 2, 2, 0, 1, 1, 1, 1, 0, 1, 0, 2, 2, 2, 1, 0, 0, 1, 1, 1, 0, 2, 0, 2, 0, 1, 2, 1, 0, 0, 1, 0, 2, 1, 1, 2, 0, 0, 0, 1, 1, 2, 1, 2, 2, 0, 0, 1, 1, 1, 0, 1, 2, 0, 0, 0, 0, 2, 1, 2, 1, 0, 1, 1, 2, 1, 0, 2, 0, 0, 1, 1, 0, 2, 0, 0, 2, 0, 2, 2, 0, 1, 1, 2, 2, 1, 2, 2, 0, 2, 0, 0, 2, 2, 2, 0, 2, 2, 2, 2, 2, 1, 1, 1, 1, 2, 2, 2, 2, 1, 1, 2, 2, 2, 0, 1, 2, 2, 1, 0, 1, 1, 1, 1, 1, 0, 2, 1, 1, 0, 1, 1, 1, 1, 1, 2, 0, 1, 1, 2, 2, 1, 0, 1, 1, 2, 1, 2, 1, 1, 2, 0, 2, 1, 1, 1, 1, 1, 1, 2, 2, 1, 1, 0, 2, 1, 2, 0, 0, 2, 2, 2, 1, 1, 1, 2, 0, 1, 1, 1, 0, 2, 1, 0, 2, 2, 0, 2, 0, 2, 0, 1, 1, 0, 0, 2, 1, 1, 1, 0, 1, 2, 1, 2, 0, 0, 0, 1, 2, 0]
