Epoch [1/1000], Loss: 0.8039
Epoch [2/1000], Loss: 0.6842
Epoch [3/1000], Loss: 0.6775
Epoch [4/1000], Loss: 0.6657
Epoch [5/1000], Loss: 0.5691
Epoch [6/1000], Loss: 0.4981
Epoch [7/1000], Loss: 0.4515
Epoch [8/1000], Loss: 0.4114
Epoch [9/1000], Loss: 0.3734
Epoch [10/1000], Loss: 0.3537
Epoch [11/1000], Loss: 0.3361
Epoch [12/1000], Loss: 0.3082
Epoch [13/1000], Loss: 0.3029
Epoch [14/1000], Loss: 0.2798
Epoch [15/1000], Loss: 0.2706
Epoch [16/1000], Loss: 0.2733
Epoch [17/1000], Loss: 0.2690
Early stopping triggered.
Test Accuracy: 0.8500
all_predictions = 
[2, 2, 2, 2, 2, 2, 2, 0, 0, 0, 0, 0, 2, 0, 2, 2, 2, 0, 2, 2, 0, 2, 2, 0, 0, 0, 2, 2, 2, 0, 0, 0, 2, 2, 2, 2, 0, 0, 0, 0, 0, 0, 2, 2, 2, 0, 2, 0, 0, 0, 2, 2, 2, 2, 0, 2, 2, 2, 0, 0, 0, 0, 2, 2, 2, 0, 0, 2, 2, 2, 0, 2, 0, 0, 2, 0, 2, 2, 2, 2, 2, 2, 2, 2, 2, 0, 0, 0, 2, 2, 2, 0, 2, 2, 0, 2, 0, 2, 0, 2]
all_targets = 
[2, 2, 2, 2, 2, 2, 2, 1, 0, 2, 0, 0, 2, 0, 2, 2, 2, 0, 2, 2, 2, 2, 2, 0, 0, 2, 2, 2, 2, 2, 2, 0, 2, 2, 2, 2, 0, 0, 0, 2, 2, 0, 2, 2, 2, 0, 2, 0, 0, 0, 2, 2, 2, 2, 0, 2, 2, 2, 0, 2, 2, 0, 2, 2, 2, 0, 0, 2, 2, 2, 0, 1, 2, 0, 2, 0, 2, 2, 2, 2, 2, 2, 2, 2, 2, 1, 0, 0, 2, 2, 2, 0, 2, 2, 2, 2, 2, 2, 0, 2]
