Epoch [1/1000], Loss: 1.0178
Epoch [2/1000], Loss: 0.7653
Epoch [3/1000], Loss: 0.6928
Epoch [4/1000], Loss: 0.6434
Epoch [5/1000], Loss: 0.6058
Epoch [6/1000], Loss: 0.5884
Epoch [7/1000], Loss: 0.5386
Epoch [8/1000], Loss: 0.5154
Epoch [9/1000], Loss: 0.5041
Epoch [10/1000], Loss: 0.4868
Epoch [11/1000], Loss: 0.4969
Epoch [12/1000], Loss: 0.4765
Epoch [13/1000], Loss: 0.4625
Epoch [14/1000], Loss: 0.4452
Epoch [15/1000], Loss: 0.4283
Epoch [16/1000], Loss: 0.4327
Epoch [17/1000], Loss: 0.4244
Epoch [18/1000], Loss: 0.4103
Epoch [19/1000], Loss: 0.4076
Epoch [20/1000], Loss: 0.3933
Epoch [21/1000], Loss: 0.4115
Early stopping triggered.
Test Accuracy: 0.7962
all_predictions = 
[0, 2, 2, 2, 0, 1, 1, 1, 1, 0, 1, 0, 0, 1, 1, 1, 0, 0, 1, 1, 1, 0, 2, 0, 2, 0, 2, 2, 1, 0, 0, 1, 0, 2, 1, 1, 2, 1, 0, 0, 1, 1, 2, 0, 2, 1, 0, 0, 0, 1, 2, 0, 1, 1, 0, 0, 0, 0, 1, 1, 2, 1, 0, 1, 1, 2, 0, 0, 2, 0, 0, 2, 1, 0, 1, 0, 1, 2, 0, 2, 2, 0, 1, 1, 2, 1, 1, 2, 2, 0, 2, 0, 1, 2, 2, 2, 1, 2, 2, 2, 2, 2, 1, 1, 1, 1, 2, 2, 2, 2, 0, 1, 2, 2, 2, 0, 1, 2, 2, 1, 0, 0, 0, 1, 1, 1, 0, 2, 1, 1, 1, 1, 1, 2, 1, 2, 2, 0, 2, 1, 2, 2, 1, 0, 1, 0, 2, 0, 2, 1, 1, 2, 0, 1, 1, 1, 1, 1, 0, 1, 0, 1, 1, 0, 0, 1, 1, 2, 0, 0, 1, 2, 2, 1, 0, 1, 1, 0, 1, 1, 0, 1, 2, 1, 0, 2, 1, 0, 2, 1, 2, 0, 0, 1, 0, 0, 2, 1, 1, 1, 0, 1, 2, 0, 2, 0, 0, 0, 1, 1, 0]
all_targets = 
[0, 2, 2, 2, 0, 1, 1, 1, 1, 0, 1, 0, 2, 2, 2, 1, 0, 0, 1, 1, 1, 0, 2, 0, 2, 0, 1, 2, 1, 0, 0, 1, 0, 2, 1, 1, 2, 0, 0, 0, 1, 1, 2, 1, 2, 2, 0, 0, 1, 1, 1, 0, 1, 2, 0, 0, 0, 0, 2, 1, 2, 1, 0, 1, 1, 2, 1, 0, 2, 0, 0, 1, 1, 0, 2, 0, 0, 2, 0, 2, 2, 0, 1, 1, 2, 2, 1, 2, 2, 0, 2, 0, 0, 2, 2, 2, 0, 2, 2, 2, 2, 2, 1, 1, 1, 1, 2, 2, 2, 2, 1, 1, 2, 2, 2, 0, 1, 2, 2, 1, 0, 1, 1, 1, 1, 1, 0, 2, 1, 1, 0, 1, 1, 1, 1, 1, 2, 0, 1, 1, 2, 2, 1, 0, 1, 1, 2, 1, 2, 1, 1, 2, 0, 2, 1, 1, 1, 1, 1, 1, 2, 2, 1, 1, 0, 2, 1, 2, 0, 0, 2, 2, 2, 1, 1, 1, 2, 0, 1, 1, 1, 0, 2, 1, 0, 2, 2, 0, 2, 0, 2, 0, 1, 1, 0, 0, 2, 1, 1, 1, 0, 1, 2, 1, 2, 0, 0, 0, 1, 2, 0]
