Epoch [1/1000], Loss: 0.7027
Epoch [2/1000], Loss: 0.6184
Epoch [3/1000], Loss: 0.5538
Epoch [4/1000], Loss: 0.4978
Epoch [5/1000], Loss: 0.4457
Epoch [6/1000], Loss: 0.4128
Epoch [7/1000], Loss: 0.3868
Epoch [8/1000], Loss: 0.3623
Epoch [9/1000], Loss: 0.3391
Epoch [10/1000], Loss: 0.3274
Epoch [11/1000], Loss: 0.3165
Epoch [12/1000], Loss: 0.3010
Epoch [13/1000], Loss: 0.2922
Epoch [14/1000], Loss: 0.2827
Epoch [15/1000], Loss: 0.2656
Epoch [16/1000], Loss: 0.2693
Epoch [17/1000], Loss: 0.2582
Epoch [18/1000], Loss: 0.2646
Epoch [19/1000], Loss: 0.2567
Epoch [20/1000], Loss: 0.2372
Epoch [21/1000], Loss: 0.2322
Epoch [22/1000], Loss: 0.2253
Early stopping triggered.
Test Accuracy: 0.8600
all_predictions = 
[2, 2, 2, 2, 2, 2, 2, 0, 0, 0, 0, 0, 2, 0, 2, 2, 2, 0, 2, 2, 2, 2, 2, 0, 0, 0, 2, 2, 2, 0, 0, 0, 2, 2, 2, 2, 0, 0, 0, 2, 0, 2, 2, 2, 2, 0, 2, 0, 0, 0, 2, 2, 2, 2, 0, 2, 2, 2, 0, 2, 0, 0, 2, 2, 2, 2, 0, 2, 2, 2, 2, 2, 0, 0, 2, 0, 2, 2, 2, 2, 2, 2, 2, 2, 2, 2, 0, 0, 2, 2, 2, 0, 2, 2, 2, 2, 0, 2, 0, 2]
all_targets = 
[2, 2, 2, 2, 2, 2, 2, 1, 0, 2, 0, 0, 2, 0, 2, 2, 2, 0, 2, 2, 2, 2, 2, 0, 0, 2, 2, 2, 2, 2, 2, 0, 2, 2, 2, 2, 0, 0, 0, 2, 2, 0, 2, 2, 2, 0, 2, 0, 0, 0, 2, 2, 2, 2, 0, 2, 2, 2, 0, 2, 2, 0, 2, 2, 2, 0, 0, 2, 2, 2, 0, 1, 2, 0, 2, 0, 2, 2, 2, 2, 2, 2, 2, 2, 2, 1, 0, 0, 2, 2, 2, 0, 2, 2, 2, 2, 2, 2, 0, 2]
