Epoch [1/1000], Loss: 0.8052
Epoch [2/1000], Loss: 0.6413
Epoch [3/1000], Loss: 0.5758
Epoch [4/1000], Loss: 0.5077
Epoch [5/1000], Loss: 0.4638
Epoch [6/1000], Loss: 0.4275
Epoch [7/1000], Loss: 0.3936
Epoch [8/1000], Loss: 0.3662
Epoch [9/1000], Loss: 0.3317
Epoch [10/1000], Loss: 0.3213
Epoch [11/1000], Loss: 0.2923
Epoch [12/1000], Loss: 0.2754
Epoch [13/1000], Loss: 0.2721
Epoch [14/1000], Loss: 0.2580
Epoch [15/1000], Loss: 0.2492
Epoch [16/1000], Loss: 0.2421
Epoch [17/1000], Loss: 0.2305
Early stopping triggered.
Test Accuracy: 0.8200
all_predictions = 
[2, 2, 2, 2, 2, 2, 2, 0, 0, 0, 0, 0, 2, 0, 2, 2, 2, 0, 2, 2, 0, 2, 2, 0, 2, 0, 2, 2, 2, 0, 0, 0, 2, 2, 2, 2, 0, 0, 0, 0, 0, 0, 2, 2, 2, 0, 2, 0, 0, 0, 2, 2, 2, 2, 0, 2, 2, 2, 0, 2, 0, 0, 2, 2, 2, 0, 0, 2, 2, 2, 2, 2, 0, 0, 2, 0, 2, 2, 2, 2, 2, 2, 2, 2, 2, 0, 0, 0, 2, 0, 2, 0, 2, 2, 0, 0, 0, 2, 0, 2]
all_targets = 
[2, 2, 2, 2, 2, 2, 2, 1, 0, 2, 0, 0, 2, 0, 2, 2, 2, 0, 2, 2, 2, 2, 2, 0, 0, 2, 2, 2, 2, 2, 2, 0, 2, 2, 2, 2, 0, 0, 0, 2, 2, 0, 2, 2, 2, 0, 2, 0, 0, 0, 2, 2, 2, 2, 0, 2, 2, 2, 0, 2, 2, 0, 2, 2, 2, 0, 0, 2, 2, 2, 0, 1, 2, 0, 2, 0, 2, 2, 2, 2, 2, 2, 2, 2, 2, 1, 0, 0, 2, 2, 2, 0, 2, 2, 2, 2, 2, 2, 0, 2]
