Epoch [1/1000], Loss: 0.8168
Epoch [2/1000], Loss: 0.6758
Epoch [3/1000], Loss: 0.6425
Epoch [4/1000], Loss: 0.5592
Epoch [5/1000], Loss: 0.4815
Epoch [6/1000], Loss: 0.4511
Epoch [7/1000], Loss: 0.4481
Epoch [8/1000], Loss: 0.4172
Epoch [9/1000], Loss: 0.4049
Epoch [10/1000], Loss: 0.3815
Epoch [11/1000], Loss: 0.3550
Epoch [12/1000], Loss: 0.3520
Epoch [13/1000], Loss: 0.3538
Epoch [14/1000], Loss: 0.3305
Epoch [15/1000], Loss: 0.3250
Epoch [16/1000], Loss: 0.2902
Epoch [17/1000], Loss: 0.2815
Epoch [18/1000], Loss: 0.2567
Epoch [19/1000], Loss: 0.2340
Epoch [20/1000], Loss: 0.2323
Epoch [21/1000], Loss: 0.2410
Epoch [22/1000], Loss: 0.2318
Epoch [23/1000], Loss: 0.2144
Epoch [24/1000], Loss: 0.2126
Epoch [25/1000], Loss: 0.2162
Epoch [26/1000], Loss: 0.2533
Epoch [27/1000], Loss: 0.1961
Early stopping triggered.
Test Accuracy: 0.8900
all_predictions = 
[2, 2, 2, 2, 2, 2, 2, 0, 0, 2, 0, 0, 2, 0, 2, 2, 2, 0, 2, 2, 2, 2, 2, 0, 0, 0, 2, 2, 2, 0, 0, 0, 2, 2, 2, 2, 0, 0, 0, 2, 0, 0, 2, 2, 2, 0, 2, 0, 0, 0, 2, 2, 2, 2, 0, 2, 2, 2, 0, 2, 0, 0, 2, 2, 2, 0, 0, 2, 2, 2, 2, 2, 0, 0, 2, 0, 2, 2, 2, 2, 2, 2, 2, 2, 2, 0, 0, 0, 2, 2, 2, 0, 2, 2, 2, 2, 0, 2, 0, 2]
all_targets = 
[2, 2, 2, 2, 2, 2, 2, 1, 0, 2, 0, 0, 2, 0, 2, 2, 2, 0, 2, 2, 2, 2, 2, 0, 0, 2, 2, 2, 2, 2, 2, 0, 2, 2, 2, 2, 0, 0, 0, 2, 2, 0, 2, 2, 2, 0, 2, 0, 0, 0, 2, 2, 2, 2, 0, 2, 2, 2, 0, 2, 2, 0, 2, 2, 2, 0, 0, 2, 2, 2, 0, 1, 2, 0, 2, 0, 2, 2, 2, 2, 2, 2, 2, 2, 2, 1, 0, 0, 2, 2, 2, 0, 2, 2, 2, 2, 2, 2, 0, 2]
