Epoch [1/1000], Loss: 0.7040
Epoch [2/1000], Loss: 0.6471
Epoch [3/1000], Loss: 0.5694
Epoch [4/1000], Loss: 0.5124
Epoch [5/1000], Loss: 0.4708
Epoch [6/1000], Loss: 0.4351
Epoch [7/1000], Loss: 0.4035
Epoch [8/1000], Loss: 0.3911
Epoch [9/1000], Loss: 0.3728
Epoch [10/1000], Loss: 0.3644
Epoch [11/1000], Loss: 0.3248
Epoch [12/1000], Loss: 0.3134
Epoch [13/1000], Loss: 0.3386
Epoch [14/1000], Loss: 0.2943
Epoch [15/1000], Loss: 0.2745
Epoch [16/1000], Loss: 0.2578
Epoch [17/1000], Loss: 0.2496
Epoch [18/1000], Loss: 0.2385
Epoch [19/1000], Loss: 0.2342
Epoch [20/1000], Loss: 0.2209
Epoch [21/1000], Loss: 0.2254
Epoch [22/1000], Loss: 0.2173
Epoch [23/1000], Loss: 0.2144
Epoch [24/1000], Loss: 0.2159
Epoch [25/1000], Loss: 0.1990
Epoch [26/1000], Loss: 0.2043
Epoch [27/1000], Loss: 0.2021
Early stopping triggered.
Test Accuracy: 0.9000
all_predictions = 
[2, 2, 2, 2, 2, 2, 2, 2, 0, 0, 0, 0, 2, 0, 2, 2, 2, 0, 2, 2, 2, 2, 2, 0, 2, 0, 2, 2, 2, 0, 0, 0, 2, 2, 2, 2, 0, 0, 0, 2, 0, 0, 2, 2, 2, 0, 2, 0, 0, 0, 2, 2, 2, 2, 0, 2, 2, 2, 0, 2, 2, 0, 2, 2, 2, 0, 0, 2, 2, 2, 2, 2, 2, 0, 2, 0, 2, 2, 2, 2, 2, 2, 2, 2, 2, 0, 0, 0, 2, 2, 2, 0, 2, 2, 2, 2, 2, 2, 0, 2]
all_targets = 
[2, 2, 2, 2, 2, 2, 2, 1, 0, 2, 0, 0, 2, 0, 2, 2, 2, 0, 2, 2, 2, 2, 2, 0, 0, 2, 2, 2, 2, 2, 2, 0, 2, 2, 2, 2, 0, 0, 0, 2, 2, 0, 2, 2, 2, 0, 2, 0, 0, 0, 2, 2, 2, 2, 0, 2, 2, 2, 0, 2, 2, 0, 2, 2, 2, 0, 0, 2, 2, 2, 0, 1, 2, 0, 2, 0, 2, 2, 2, 2, 2, 2, 2, 2, 2, 1, 0, 0, 2, 2, 2, 0, 2, 2, 2, 2, 2, 2, 0, 2]
