Epoch [1/1000], Loss: 1.1226
Epoch [2/1000], Loss: 1.0105
Epoch [3/1000], Loss: 0.8156
Epoch [4/1000], Loss: 0.7337
Epoch [5/1000], Loss: 0.6338
Epoch [6/1000], Loss: 0.5650
Epoch [7/1000], Loss: 0.5468
Epoch [8/1000], Loss: 0.5181
Epoch [9/1000], Loss: 0.4956
Epoch [10/1000], Loss: 0.4687
Epoch [11/1000], Loss: 0.4761
Early stopping triggered.
Test Accuracy: 0.7441
all_predictions = 
[0, 2, 2, 2, 0, 1, 1, 1, 1, 0, 1, 0, 2, 1, 1, 1, 0, 0, 1, 1, 1, 1, 2, 0, 2, 0, 2, 2, 1, 0, 0, 1, 1, 2, 1, 1, 1, 1, 0, 0, 1, 1, 2, 0, 2, 1, 0, 0, 0, 1, 2, 0, 1, 1, 0, 0, 0, 0, 1, 1, 2, 1, 0, 1, 1, 2, 0, 0, 2, 0, 0, 2, 1, 0, 1, 2, 0, 2, 0, 2, 2, 1, 1, 2, 2, 1, 1, 2, 2, 1, 2, 0, 1, 2, 1, 2, 0, 2, 2, 2, 2, 2, 1, 1, 1, 1, 2, 2, 2, 2, 1, 1, 2, 2, 2, 0, 1, 2, 2, 0, 0, 0, 0, 1, 1, 1, 0, 2, 1, 0, 1, 0, 1, 2, 1, 2, 2, 0, 2, 1, 2, 2, 1, 1, 1, 0, 2, 0, 2, 1, 1, 2, 0, 1, 1, 1, 0, 0, 1, 0, 0, 1, 1, 0, 0, 0, 0, 2, 0, 0, 1, 2, 2, 1, 0, 1, 1, 0, 1, 1, 0, 1, 2, 1, 0, 2, 1, 0, 2, 1, 2, 0, 0, 0, 0, 0, 2, 1, 1, 1, 0, 1, 2, 1, 2, 0, 0, 0, 1, 1, 0]
all_targets = 
[0, 2, 2, 2, 0, 1, 1, 1, 1, 0, 1, 0, 2, 2, 2, 1, 0, 0, 1, 1, 1, 0, 2, 0, 2, 0, 1, 2, 1, 0, 0, 1, 0, 2, 1, 1, 2, 0, 0, 0, 1, 1, 2, 1, 2, 2, 0, 0, 1, 1, 1, 0, 1, 2, 0, 0, 0, 0, 2, 1, 2, 1, 0, 1, 1, 2, 1, 0, 2, 0, 0, 1, 1, 0, 2, 0, 0, 2, 0, 2, 2, 0, 1, 1, 2, 2, 1, 2, 2, 0, 2, 0, 0, 2, 2, 2, 0, 2, 2, 2, 2, 2, 1, 1, 1, 1, 2, 2, 2, 2, 1, 1, 2, 2, 2, 0, 1, 2, 2, 1, 0, 1, 1, 1, 1, 1, 0, 2, 1, 1, 0, 1, 1, 1, 1, 1, 2, 0, 1, 1, 2, 2, 1, 0, 1, 1, 2, 1, 2, 1, 1, 2, 0, 2, 1, 1, 1, 1, 1, 1, 2, 2, 1, 1, 0, 2, 1, 2, 0, 0, 2, 2, 2, 1, 1, 1, 2, 0, 1, 1, 1, 0, 2, 1, 0, 2, 2, 0, 2, 0, 2, 0, 1, 1, 0, 0, 2, 1, 1, 1, 0, 1, 2, 1, 2, 0, 0, 0, 1, 2, 0]
