Epoch [1/1000], Loss: 0.7363
Epoch [2/1000], Loss: 0.5658
Epoch [3/1000], Loss: 0.5140
Epoch [4/1000], Loss: 0.4818
Epoch [5/1000], Loss: 0.4515
Epoch [6/1000], Loss: 0.4237
Epoch [7/1000], Loss: 0.4027
Epoch [8/1000], Loss: 0.3970
Epoch [9/1000], Loss: 0.3694
Epoch [10/1000], Loss: 0.3477
Epoch [11/1000], Loss: 0.3268
Epoch [12/1000], Loss: 0.2982
Epoch [13/1000], Loss: 0.2920
Epoch [14/1000], Loss: 0.2899
Epoch [15/1000], Loss: 0.2785
Epoch [16/1000], Loss: 0.2712
Epoch [17/1000], Loss: 0.2693
Epoch [18/1000], Loss: 0.2507
Epoch [19/1000], Loss: 0.2728
Epoch [20/1000], Loss: 0.2327
Epoch [21/1000], Loss: 0.2252
Epoch [22/1000], Loss: 0.1953
Epoch [23/1000], Loss: 0.2031
Epoch [24/1000], Loss: 0.1833
Epoch [25/1000], Loss: 0.2015
Epoch [26/1000], Loss: 0.1858
Epoch [27/1000], Loss: 0.1942
Epoch [28/1000], Loss: 0.1580
Early stopping triggered.
Test Accuracy: 0.9100
all_predictions = 
[2, 2, 2, 2, 2, 2, 2, 0, 0, 2, 0, 0, 2, 0, 2, 2, 2, 0, 2, 2, 2, 2, 2, 0, 0, 0, 2, 2, 2, 0, 2, 0, 2, 2, 2, 2, 0, 0, 0, 2, 2, 2, 2, 2, 2, 0, 2, 0, 0, 0, 2, 2, 2, 2, 0, 2, 2, 2, 0, 2, 0, 0, 2, 2, 2, 0, 0, 2, 2, 2, 0, 2, 0, 0, 2, 0, 2, 2, 2, 2, 2, 2, 2, 2, 2, 0, 0, 0, 2, 2, 2, 0, 2, 2, 2, 2, 0, 2, 0, 2]
all_targets = 
[2, 2, 2, 2, 2, 2, 2, 1, 0, 2, 0, 0, 2, 0, 2, 2, 2, 0, 2, 2, 2, 2, 2, 0, 0, 2, 2, 2, 2, 2, 2, 0, 2, 2, 2, 2, 0, 0, 0, 2, 2, 0, 2, 2, 2, 0, 2, 0, 0, 0, 2, 2, 2, 2, 0, 2, 2, 2, 0, 2, 2, 0, 2, 2, 2, 0, 0, 2, 2, 2, 0, 1, 2, 0, 2, 0, 2, 2, 2, 2, 2, 2, 2, 2, 2, 1, 0, 0, 2, 2, 2, 0, 2, 2, 2, 2, 2, 2, 0, 2]
