Epoch [1/1000], Loss: 0.6920
Epoch [2/1000], Loss: 0.5634
Epoch [3/1000], Loss: 0.5033
Epoch [4/1000], Loss: 0.4696
Epoch [5/1000], Loss: 0.4202
Epoch [6/1000], Loss: 0.3889
Epoch [7/1000], Loss: 0.3491
Epoch [8/1000], Loss: 0.3302
Epoch [9/1000], Loss: 0.3171
Epoch [10/1000], Loss: 0.2875
Epoch [11/1000], Loss: 0.2693
Epoch [12/1000], Loss: 0.2742
Epoch [13/1000], Loss: 0.2574
Epoch [14/1000], Loss: 0.2351
Epoch [15/1000], Loss: 0.2151
Epoch [16/1000], Loss: 0.2044
Epoch [17/1000], Loss: 0.2027
Epoch [18/1000], Loss: 0.2170
Epoch [19/1000], Loss: 0.1742
Epoch [20/1000], Loss: 0.1767
Early stopping triggered.
Test Accuracy: 0.8400
all_predictions = 
[2, 2, 2, 2, 2, 2, 2, 0, 0, 0, 0, 0, 2, 0, 2, 2, 2, 0, 2, 2, 0, 2, 2, 0, 2, 0, 2, 2, 2, 0, 0, 0, 2, 2, 2, 2, 0, 0, 0, 2, 0, 0, 2, 2, 2, 0, 2, 0, 0, 0, 2, 2, 2, 2, 0, 2, 2, 2, 0, 0, 0, 0, 2, 2, 2, 0, 0, 2, 2, 2, 0, 2, 0, 0, 2, 0, 2, 2, 2, 2, 2, 2, 2, 2, 2, 0, 0, 0, 2, 0, 2, 0, 2, 2, 2, 0, 0, 2, 0, 2]
all_targets = 
[2, 2, 2, 2, 2, 2, 2, 1, 0, 2, 0, 0, 2, 0, 2, 2, 2, 0, 2, 2, 2, 2, 2, 0, 0, 2, 2, 2, 2, 2, 2, 0, 2, 2, 2, 2, 0, 0, 0, 2, 2, 0, 2, 2, 2, 0, 2, 0, 0, 0, 2, 2, 2, 2, 0, 2, 2, 2, 0, 2, 2, 0, 2, 2, 2, 0, 0, 2, 2, 2, 0, 1, 2, 0, 2, 0, 2, 2, 2, 2, 2, 2, 2, 2, 2, 1, 0, 0, 2, 2, 2, 0, 2, 2, 2, 2, 2, 2, 0, 2]
