Epoch [1/1000], Loss: 1.1103
Epoch [2/1000], Loss: 0.8262
Epoch [3/1000], Loss: 0.7409
Epoch [4/1000], Loss: 0.7094
Epoch [5/1000], Loss: 0.6800
Epoch [6/1000], Loss: 0.6345
Epoch [7/1000], Loss: 0.5997
Epoch [8/1000], Loss: 0.5505
Epoch [9/1000], Loss: 0.5248
Epoch [10/1000], Loss: 0.4968
Epoch [11/1000], Loss: 0.4817
Epoch [12/1000], Loss: 0.4717
Epoch [13/1000], Loss: 0.4691
Epoch [14/1000], Loss: 0.4483
Epoch [15/1000], Loss: 0.4616
Epoch [16/1000], Loss: 0.4406
Epoch [17/1000], Loss: 0.4500
Epoch [18/1000], Loss: 0.4357
Epoch [19/1000], Loss: 0.4175
Epoch [20/1000], Loss: 0.4083
Epoch [21/1000], Loss: 0.4325
Epoch [22/1000], Loss: 0.4193
Early stopping triggered.
Test Accuracy: 0.7820
all_predictions = 
[0, 2, 2, 2, 0, 1, 0, 1, 1, 0, 1, 0, 1, 1, 0, 1, 0, 0, 1, 1, 1, 0, 2, 0, 2, 0, 2, 2, 1, 0, 0, 0, 0, 2, 1, 1, 2, 1, 0, 0, 1, 1, 2, 1, 2, 1, 0, 0, 1, 1, 2, 0, 1, 1, 0, 0, 0, 0, 1, 1, 2, 1, 0, 1, 1, 2, 0, 0, 2, 0, 0, 2, 1, 0, 1, 1, 0, 2, 0, 2, 2, 0, 2, 1, 2, 0, 1, 2, 2, 0, 2, 0, 1, 2, 2, 2, 0, 2, 2, 2, 2, 2, 1, 1, 1, 1, 2, 2, 2, 2, 1, 1, 2, 2, 2, 0, 0, 2, 2, 0, 0, 0, 0, 1, 0, 1, 0, 2, 1, 0, 1, 1, 1, 2, 1, 2, 2, 0, 2, 1, 2, 2, 1, 2, 1, 0, 2, 0, 2, 1, 1, 2, 0, 1, 1, 1, 1, 1, 1, 1, 0, 0, 1, 0, 0, 1, 1, 2, 0, 0, 1, 2, 2, 1, 0, 1, 1, 0, 0, 0, 0, 0, 2, 1, 0, 2, 0, 0, 2, 0, 2, 0, 0, 1, 0, 0, 2, 1, 1, 1, 0, 1, 2, 0, 2, 0, 0, 0, 1, 1, 0]
all_targets = 
[0, 2, 2, 2, 0, 1, 1, 1, 1, 0, 1, 0, 2, 2, 2, 1, 0, 0, 1, 1, 1, 0, 2, 0, 2, 0, 1, 2, 1, 0, 0, 1, 0, 2, 1, 1, 2, 0, 0, 0, 1, 1, 2, 1, 2, 2, 0, 0, 1, 1, 1, 0, 1, 2, 0, 0, 0, 0, 2, 1, 2, 1, 0, 1, 1, 2, 1, 0, 2, 0, 0, 1, 1, 0, 2, 0, 0, 2, 0, 2, 2, 0, 1, 1, 2, 2, 1, 2, 2, 0, 2, 0, 0, 2, 2, 2, 0, 2, 2, 2, 2, 2, 1, 1, 1, 1, 2, 2, 2, 2, 1, 1, 2, 2, 2, 0, 1, 2, 2, 1, 0, 1, 1, 1, 1, 1, 0, 2, 1, 1, 0, 1, 1, 1, 1, 1, 2, 0, 1, 1, 2, 2, 1, 0, 1, 1, 2, 1, 2, 1, 1, 2, 0, 2, 1, 1, 1, 1, 1, 1, 2, 2, 1, 1, 0, 2, 1, 2, 0, 0, 2, 2, 2, 1, 1, 1, 2, 0, 1, 1, 1, 0, 2, 1, 0, 2, 2, 0, 2, 0, 2, 0, 1, 1, 0, 0, 2, 1, 1, 1, 0, 1, 2, 1, 2, 0, 0, 0, 1, 2, 0]
