Epoch [1/1000], Loss: 1.0964
Epoch [2/1000], Loss: 0.9080
Epoch [3/1000], Loss: 0.7311
Epoch [4/1000], Loss: 0.6526
Epoch [5/1000], Loss: 0.6061
Epoch [6/1000], Loss: 0.5648
Epoch [7/1000], Loss: 0.5360
Epoch [8/1000], Loss: 0.5131
Epoch [9/1000], Loss: 0.5007
Epoch [10/1000], Loss: 0.4668
Epoch [11/1000], Loss: 0.4643
Epoch [12/1000], Loss: 0.4508
Epoch [13/1000], Loss: 0.4455
Epoch [14/1000], Loss: 0.4270
Epoch [15/1000], Loss: 0.4159
Epoch [16/1000], Loss: 0.4082
Epoch [17/1000], Loss: 0.4071
Epoch [18/1000], Loss: 0.4090
Epoch [19/1000], Loss: 0.4069
Epoch [20/1000], Loss: 0.3942
Epoch [21/1000], Loss: 0.3975
Epoch [22/1000], Loss: 0.3979
Early stopping triggered.
Test Accuracy: 0.8057
all_predictions = 
[0, 2, 2, 2, 0, 1, 1, 1, 1, 0, 1, 0, 0, 2, 2, 1, 0, 0, 1, 1, 1, 0, 2, 0, 2, 0, 2, 2, 1, 0, 0, 1, 2, 2, 1, 1, 2, 1, 0, 0, 1, 1, 2, 0, 2, 1, 0, 0, 0, 1, 2, 0, 1, 1, 0, 0, 0, 0, 1, 1, 2, 1, 0, 1, 1, 2, 0, 0, 2, 0, 0, 2, 1, 0, 1, 2, 0, 2, 0, 2, 2, 0, 1, 2, 2, 1, 1, 2, 2, 1, 2, 0, 1, 2, 2, 2, 0, 2, 2, 2, 2, 2, 1, 1, 1, 1, 2, 2, 2, 2, 1, 1, 2, 2, 2, 0, 1, 2, 2, 1, 0, 0, 0, 1, 1, 1, 0, 2, 1, 1, 1, 1, 1, 2, 1, 2, 2, 0, 2, 1, 2, 2, 1, 0, 1, 0, 2, 0, 2, 1, 1, 2, 0, 1, 1, 1, 1, 1, 1, 1, 1, 1, 1, 0, 0, 1, 1, 2, 0, 0, 1, 2, 2, 1, 0, 1, 1, 0, 1, 1, 0, 1, 2, 1, 0, 2, 1, 0, 2, 1, 2, 0, 0, 1, 0, 0, 2, 1, 1, 1, 0, 1, 2, 0, 2, 0, 0, 0, 1, 1, 0]
all_targets = 
[0, 2, 2, 2, 0, 1, 1, 1, 1, 0, 1, 0, 2, 2, 2, 1, 0, 0, 1, 1, 1, 0, 2, 0, 2, 0, 1, 2, 1, 0, 0, 1, 0, 2, 1, 1, 2, 0, 0, 0, 1, 1, 2, 1, 2, 2, 0, 0, 1, 1, 1, 0, 1, 2, 0, 0, 0, 0, 2, 1, 2, 1, 0, 1, 1, 2, 1, 0, 2, 0, 0, 1, 1, 0, 2, 0, 0, 2, 0, 2, 2, 0, 1, 1, 2, 2, 1, 2, 2, 0, 2, 0, 0, 2, 2, 2, 0, 2, 2, 2, 2, 2, 1, 1, 1, 1, 2, 2, 2, 2, 1, 1, 2, 2, 2, 0, 1, 2, 2, 1, 0, 1, 1, 1, 1, 1, 0, 2, 1, 1, 0, 1, 1, 1, 1, 1, 2, 0, 1, 1, 2, 2, 1, 0, 1, 1, 2, 1, 2, 1, 1, 2, 0, 2, 1, 1, 1, 1, 1, 1, 2, 2, 1, 1, 0, 2, 1, 2, 0, 0, 2, 2, 2, 1, 1, 1, 2, 0, 1, 1, 1, 0, 2, 1, 0, 2, 2, 0, 2, 0, 2, 0, 1, 1, 0, 0, 2, 1, 1, 1, 0, 1, 2, 1, 2, 0, 0, 0, 1, 2, 0]
