Epoch [1/1000], Loss: 0.6966
Epoch [2/1000], Loss: 0.6464
Epoch [3/1000], Loss: 0.5361
Epoch [4/1000], Loss: 0.4582
Epoch [5/1000], Loss: 0.4421
Epoch [6/1000], Loss: 0.4188
Epoch [7/1000], Loss: 0.3948
Epoch [8/1000], Loss: 0.3672
Epoch [9/1000], Loss: 0.3609
Epoch [10/1000], Loss: 0.3593
Epoch [11/1000], Loss: 0.3379
Epoch [12/1000], Loss: 0.3414
Epoch [13/1000], Loss: 0.3228
Epoch [14/1000], Loss: 0.3335
Epoch [15/1000], Loss: 0.3219
Epoch [16/1000], Loss: 0.3203
Epoch [17/1000], Loss: 0.3088
Early stopping triggered.
Test Accuracy: 0.8000
all_predictions = 
[2, 2, 2, 2, 2, 2, 0, 0, 0, 0, 0, 0, 2, 0, 2, 2, 0, 0, 2, 0, 0, 2, 2, 0, 2, 0, 2, 2, 2, 0, 0, 0, 2, 2, 2, 2, 0, 0, 0, 0, 0, 0, 2, 2, 2, 0, 2, 0, 0, 0, 2, 2, 2, 2, 0, 2, 2, 2, 0, 2, 0, 0, 2, 0, 2, 0, 0, 2, 2, 2, 2, 2, 0, 0, 2, 0, 2, 2, 2, 2, 2, 2, 2, 2, 2, 0, 0, 0, 2, 2, 2, 0, 2, 2, 0, 2, 0, 2, 0, 2]
all_targets = 
[2, 2, 2, 2, 2, 2, 2, 1, 0, 2, 0, 0, 2, 0, 2, 2, 2, 0, 2, 2, 2, 2, 2, 0, 0, 2, 2, 2, 2, 2, 2, 0, 2, 2, 2, 2, 0, 0, 0, 2, 2, 0, 2, 2, 2, 0, 2, 0, 0, 0, 2, 2, 2, 2, 0, 2, 2, 2, 0, 2, 2, 0, 2, 2, 2, 0, 0, 2, 2, 2, 0, 1, 2, 0, 2, 0, 2, 2, 2, 2, 2, 2, 2, 2, 2, 1, 0, 0, 2, 2, 2, 0, 2, 2, 2, 2, 2, 2, 0, 2]
