Epoch [1/1000], Loss: 0.7230
Epoch [2/1000], Loss: 0.6770
Epoch [3/1000], Loss: 0.6760
Epoch [4/1000], Loss: 0.6634
Epoch [5/1000], Loss: 0.6055
Epoch [6/1000], Loss: 0.5783
Epoch [7/1000], Loss: 0.5480
Epoch [8/1000], Loss: 0.5108
Epoch [9/1000], Loss: 0.4845
Epoch [10/1000], Loss: 0.4640
Epoch [11/1000], Loss: 0.4423
Early stopping triggered.
Test Accuracy: 0.7400
all_predictions = 
[0, 2, 2, 2, 0, 2, 0, 0, 0, 0, 0, 0, 2, 0, 2, 2, 0, 0, 2, 0, 0, 2, 2, 0, 0, 0, 2, 2, 2, 0, 0, 0, 2, 2, 2, 2, 2, 0, 0, 0, 2, 0, 2, 0, 2, 0, 2, 0, 0, 0, 2, 2, 2, 0, 0, 2, 2, 2, 0, 0, 0, 0, 2, 0, 2, 0, 0, 2, 2, 2, 0, 2, 0, 0, 2, 0, 2, 2, 2, 2, 2, 2, 2, 2, 2, 0, 0, 0, 2, 0, 2, 0, 2, 0, 0, 0, 0, 2, 0, 2]
all_targets = 
[2, 2, 2, 2, 2, 2, 2, 1, 0, 2, 0, 0, 2, 0, 2, 2, 2, 0, 2, 2, 2, 2, 2, 0, 0, 2, 2, 2, 2, 2, 2, 0, 2, 2, 2, 2, 0, 0, 0, 2, 2, 0, 2, 2, 2, 0, 2, 0, 0, 0, 2, 2, 2, 2, 0, 2, 2, 2, 0, 2, 2, 0, 2, 2, 2, 0, 0, 2, 2, 2, 0, 1, 2, 0, 2, 0, 2, 2, 2, 2, 2, 2, 2, 2, 2, 1, 0, 0, 2, 2, 2, 0, 2, 2, 2, 2, 2, 2, 0, 2]
