Epoch [1/1000], Loss: 0.7201
Epoch [2/1000], Loss: 0.6726
Epoch [3/1000], Loss: 0.6544
Epoch [4/1000], Loss: 0.5834
Epoch [5/1000], Loss: 0.5277
Epoch [6/1000], Loss: 0.4862
Epoch [7/1000], Loss: 0.4434
Epoch [8/1000], Loss: 0.4366
Epoch [9/1000], Loss: 0.3981
Epoch [10/1000], Loss: 0.3997
Epoch [11/1000], Loss: 0.3680
Epoch [12/1000], Loss: 0.3481
Epoch [13/1000], Loss: 0.3233
Epoch [14/1000], Loss: 0.3102
Early stopping triggered.
Test Accuracy: 0.8500
all_predictions = 
[2, 2, 2, 2, 2, 2, 0, 0, 0, 0, 0, 0, 2, 0, 2, 2, 0, 0, 2, 2, 0, 2, 2, 0, 0, 0, 2, 2, 2, 0, 0, 0, 2, 2, 2, 2, 0, 0, 0, 0, 0, 0, 2, 2, 2, 0, 2, 0, 0, 0, 2, 2, 2, 2, 0, 2, 2, 2, 0, 2, 2, 0, 2, 2, 2, 0, 0, 2, 2, 2, 0, 2, 0, 0, 2, 0, 2, 2, 2, 2, 2, 2, 2, 2, 2, 0, 0, 0, 2, 2, 2, 0, 2, 2, 0, 2, 0, 2, 0, 2]
all_targets = 
[2, 2, 2, 2, 2, 2, 2, 1, 0, 2, 0, 0, 2, 0, 2, 2, 2, 0, 2, 2, 2, 2, 2, 0, 0, 2, 2, 2, 2, 2, 2, 0, 2, 2, 2, 2, 0, 0, 0, 2, 2, 0, 2, 2, 2, 0, 2, 0, 0, 0, 2, 2, 2, 2, 0, 2, 2, 2, 0, 2, 2, 0, 2, 2, 2, 0, 0, 2, 2, 2, 0, 1, 2, 0, 2, 0, 2, 2, 2, 2, 2, 2, 2, 2, 2, 1, 0, 0, 2, 2, 2, 0, 2, 2, 2, 2, 2, 2, 0, 2]
