Epoch [1/1000], Loss: 0.7952
Epoch [2/1000], Loss: 0.6509
Epoch [3/1000], Loss: 0.5811
Epoch [4/1000], Loss: 0.5378
Epoch [5/1000], Loss: 0.4862
Epoch [6/1000], Loss: 0.4530
Epoch [7/1000], Loss: 0.4193
Epoch [8/1000], Loss: 0.3902
Epoch [9/1000], Loss: 0.3800
Epoch [10/1000], Loss: 0.3585
Epoch [11/1000], Loss: 0.3442
Epoch [12/1000], Loss: 0.3312
Epoch [13/1000], Loss: 0.3041
Epoch [14/1000], Loss: 0.2988
Early stopping triggered.
Test Accuracy: 0.8500
all_predictions = 
[2, 2, 2, 2, 2, 2, 2, 0, 0, 0, 0, 0, 2, 0, 2, 2, 2, 0, 2, 2, 0, 2, 2, 0, 0, 0, 2, 2, 2, 0, 0, 0, 2, 2, 2, 2, 0, 0, 0, 0, 0, 0, 2, 2, 2, 0, 2, 0, 0, 0, 2, 2, 2, 2, 0, 2, 2, 2, 0, 2, 0, 0, 2, 2, 2, 0, 0, 2, 2, 2, 2, 2, 0, 0, 2, 0, 2, 2, 2, 2, 2, 2, 2, 2, 2, 0, 0, 0, 2, 2, 2, 0, 2, 2, 0, 2, 0, 2, 0, 2]
all_targets = 
[2, 2, 2, 2, 2, 2, 2, 1, 0, 2, 0, 0, 2, 0, 2, 2, 2, 0, 2, 2, 2, 2, 2, 0, 0, 2, 2, 2, 2, 2, 2, 0, 2, 2, 2, 2, 0, 0, 0, 2, 2, 0, 2, 2, 2, 0, 2, 0, 0, 0, 2, 2, 2, 2, 0, 2, 2, 2, 0, 2, 2, 0, 2, 2, 2, 0, 0, 2, 2, 2, 0, 1, 2, 0, 2, 0, 2, 2, 2, 2, 2, 2, 2, 2, 2, 1, 0, 0, 2, 2, 2, 0, 2, 2, 2, 2, 2, 2, 0, 2]
