Epoch [1/1000], Loss: 0.7217
Epoch [2/1000], Loss: 0.6034
Epoch [3/1000], Loss: 0.5173
Epoch [4/1000], Loss: 0.4905
Epoch [5/1000], Loss: 0.4485
Epoch [6/1000], Loss: 0.4188
Epoch [7/1000], Loss: 0.3929
Epoch [8/1000], Loss: 0.3693
Epoch [9/1000], Loss: 0.3488
Epoch [10/1000], Loss: 0.3375
Epoch [11/1000], Loss: 0.2940
Epoch [12/1000], Loss: 0.2992
Epoch [13/1000], Loss: 0.2853
Epoch [14/1000], Loss: 0.2679
Epoch [15/1000], Loss: 0.2510
Epoch [16/1000], Loss: 0.2312
Epoch [17/1000], Loss: 0.2146
Epoch [18/1000], Loss: 0.2066
Epoch [19/1000], Loss: 0.1952
Epoch [20/1000], Loss: 0.1925
Epoch [21/1000], Loss: 0.2031
Epoch [22/1000], Loss: 0.1848
Epoch [23/1000], Loss: 0.1781
Epoch [24/1000], Loss: 0.1688
Epoch [25/1000], Loss: 0.1652
Epoch [26/1000], Loss: 0.1666
Early stopping triggered.
Test Accuracy: 0.8900
all_predictions = 
[2, 2, 2, 2, 2, 2, 2, 2, 0, 0, 0, 0, 2, 0, 2, 2, 2, 0, 2, 2, 2, 2, 2, 0, 0, 0, 2, 2, 2, 2, 2, 0, 2, 2, 2, 2, 0, 0, 0, 2, 0, 2, 2, 2, 2, 0, 2, 0, 0, 0, 2, 2, 2, 2, 0, 2, 2, 2, 0, 2, 2, 0, 2, 2, 2, 2, 0, 2, 2, 2, 2, 2, 0, 0, 2, 0, 2, 2, 2, 2, 2, 2, 2, 2, 2, 0, 0, 0, 2, 2, 2, 0, 2, 2, 2, 2, 0, 2, 0, 2]
all_targets = 
[2, 2, 2, 2, 2, 2, 2, 1, 0, 2, 0, 0, 2, 0, 2, 2, 2, 0, 2, 2, 2, 2, 2, 0, 0, 2, 2, 2, 2, 2, 2, 0, 2, 2, 2, 2, 0, 0, 0, 2, 2, 0, 2, 2, 2, 0, 2, 0, 0, 0, 2, 2, 2, 2, 0, 2, 2, 2, 0, 2, 2, 0, 2, 2, 2, 0, 0, 2, 2, 2, 0, 1, 2, 0, 2, 0, 2, 2, 2, 2, 2, 2, 2, 2, 2, 1, 0, 0, 2, 2, 2, 0, 2, 2, 2, 2, 2, 2, 0, 2]
