Epoch [1/1000], Loss: 0.6909
Epoch [2/1000], Loss: 0.5708
Epoch [3/1000], Loss: 0.4964
Epoch [4/1000], Loss: 0.4627
Epoch [5/1000], Loss: 0.4316
Epoch [6/1000], Loss: 0.4138
Epoch [7/1000], Loss: 0.3940
Epoch [8/1000], Loss: 0.3756
Epoch [9/1000], Loss: 0.3612
Epoch [10/1000], Loss: 0.3313
Epoch [11/1000], Loss: 0.3213
Epoch [12/1000], Loss: 0.3166
Epoch [13/1000], Loss: 0.3261
Epoch [14/1000], Loss: 0.2935
Epoch [15/1000], Loss: 0.2755
Epoch [16/1000], Loss: 0.2607
Early stopping triggered.
Test Accuracy: 0.8400
all_predictions = 
[2, 2, 2, 2, 2, 2, 2, 0, 0, 0, 0, 0, 2, 0, 2, 2, 2, 0, 2, 2, 0, 2, 2, 0, 2, 0, 2, 2, 2, 0, 0, 0, 2, 2, 2, 2, 0, 0, 0, 0, 0, 0, 2, 2, 2, 0, 2, 0, 0, 0, 2, 2, 2, 2, 0, 2, 2, 2, 0, 2, 0, 0, 2, 2, 2, 0, 0, 2, 2, 2, 2, 2, 0, 0, 2, 0, 2, 2, 2, 2, 2, 2, 2, 2, 2, 2, 0, 0, 2, 2, 2, 0, 2, 2, 0, 2, 0, 2, 0, 2]
all_targets = 
[2, 2, 2, 2, 2, 2, 2, 1, 0, 2, 0, 0, 2, 0, 2, 2, 2, 0, 2, 2, 2, 2, 2, 0, 0, 2, 2, 2, 2, 2, 2, 0, 2, 2, 2, 2, 0, 0, 0, 2, 2, 0, 2, 2, 2, 0, 2, 0, 0, 0, 2, 2, 2, 2, 0, 2, 2, 2, 0, 2, 2, 0, 2, 2, 2, 0, 0, 2, 2, 2, 0, 1, 2, 0, 2, 0, 2, 2, 2, 2, 2, 2, 2, 2, 2, 1, 0, 0, 2, 2, 2, 0, 2, 2, 2, 2, 2, 2, 0, 2]
