Epoch [1/1000], Loss: 0.7284
Epoch [2/1000], Loss: 0.6800
Epoch [3/1000], Loss: 0.6656
Epoch [4/1000], Loss: 0.5800
Epoch [5/1000], Loss: 0.5023
Epoch [6/1000], Loss: 0.4705
Epoch [7/1000], Loss: 0.4597
Epoch [8/1000], Loss: 0.4364
Epoch [9/1000], Loss: 0.4078
Epoch [10/1000], Loss: 0.3814
Epoch [11/1000], Loss: 0.3648
Epoch [12/1000], Loss: 0.3396
Epoch [13/1000], Loss: 0.3354
Epoch [14/1000], Loss: 0.3187
Epoch [15/1000], Loss: 0.3069
Epoch [16/1000], Loss: 0.2951
Epoch [17/1000], Loss: 0.2796
Epoch [18/1000], Loss: 0.2870
Epoch [19/1000], Loss: 0.2755
Epoch [20/1000], Loss: 0.2741
Epoch [21/1000], Loss: 0.2557
Early stopping triggered.
Test Accuracy: 0.8600
all_predictions = 
[2, 2, 2, 2, 2, 2, 2, 0, 0, 0, 0, 0, 2, 0, 2, 2, 2, 0, 2, 2, 0, 2, 2, 0, 2, 0, 2, 2, 2, 0, 2, 0, 2, 2, 2, 2, 0, 0, 0, 2, 2, 0, 2, 2, 2, 0, 2, 0, 0, 0, 2, 2, 2, 2, 0, 2, 2, 2, 0, 2, 0, 0, 2, 2, 2, 0, 0, 2, 2, 2, 2, 2, 0, 0, 2, 0, 2, 2, 2, 2, 2, 2, 2, 2, 2, 0, 0, 0, 2, 0, 2, 0, 2, 2, 2, 0, 0, 2, 0, 2]
all_targets = 
[2, 2, 2, 2, 2, 2, 2, 1, 0, 2, 0, 0, 2, 0, 2, 2, 2, 0, 2, 2, 2, 2, 2, 0, 0, 2, 2, 2, 2, 2, 2, 0, 2, 2, 2, 2, 0, 0, 0, 2, 2, 0, 2, 2, 2, 0, 2, 0, 0, 0, 2, 2, 2, 2, 0, 2, 2, 2, 0, 2, 2, 0, 2, 2, 2, 0, 0, 2, 2, 2, 0, 1, 2, 0, 2, 0, 2, 2, 2, 2, 2, 2, 2, 2, 2, 1, 0, 0, 2, 2, 2, 0, 2, 2, 2, 2, 2, 2, 0, 2]
