Epoch [1/1000], Loss: 0.7763
Epoch [2/1000], Loss: 0.6814
Epoch [3/1000], Loss: 0.6620
Epoch [4/1000], Loss: 0.5812
Epoch [5/1000], Loss: 0.5315
Epoch [6/1000], Loss: 0.4844
Epoch [7/1000], Loss: 0.4621
Epoch [8/1000], Loss: 0.4446
Epoch [9/1000], Loss: 0.4206
Epoch [10/1000], Loss: 0.3991
Epoch [11/1000], Loss: 0.3777
Epoch [12/1000], Loss: 0.3563
Epoch [13/1000], Loss: 0.3349
Epoch [14/1000], Loss: 0.2986
Epoch [15/1000], Loss: 0.2817
Epoch [16/1000], Loss: 0.2721
Epoch [17/1000], Loss: 0.2570
Epoch [18/1000], Loss: 0.2594
Epoch [19/1000], Loss: 0.2518
Epoch [20/1000], Loss: 0.2370
Epoch [21/1000], Loss: 0.2442
Epoch [22/1000], Loss: 0.2371
Epoch [23/1000], Loss: 0.2264
Early stopping triggered.
Test Accuracy: 0.8800
all_predictions = 
[2, 2, 2, 2, 2, 2, 2, 0, 0, 0, 0, 0, 2, 0, 2, 2, 2, 0, 2, 2, 0, 2, 2, 0, 0, 0, 2, 2, 2, 0, 0, 0, 2, 2, 2, 2, 0, 0, 0, 2, 0, 0, 2, 2, 2, 0, 2, 0, 0, 0, 2, 2, 2, 2, 0, 2, 2, 2, 0, 2, 0, 0, 2, 2, 2, 0, 0, 2, 2, 2, 0, 2, 0, 0, 2, 0, 2, 2, 2, 2, 2, 2, 2, 2, 2, 0, 0, 0, 2, 2, 2, 0, 2, 2, 2, 2, 0, 2, 0, 2]
all_targets = 
[2, 2, 2, 2, 2, 2, 2, 1, 0, 2, 0, 0, 2, 0, 2, 2, 2, 0, 2, 2, 2, 2, 2, 0, 0, 2, 2, 2, 2, 2, 2, 0, 2, 2, 2, 2, 0, 0, 0, 2, 2, 0, 2, 2, 2, 0, 2, 0, 0, 0, 2, 2, 2, 2, 0, 2, 2, 2, 0, 2, 2, 0, 2, 2, 2, 0, 0, 2, 2, 2, 0, 1, 2, 0, 2, 0, 2, 2, 2, 2, 2, 2, 2, 2, 2, 1, 0, 0, 2, 2, 2, 0, 2, 2, 2, 2, 2, 2, 0, 2]
