Epoch [1/1000], Loss: 0.7253
Epoch [2/1000], Loss: 0.6049
Epoch [3/1000], Loss: 0.5420
Epoch [4/1000], Loss: 0.5038
Epoch [5/1000], Loss: 0.4706
Epoch [6/1000], Loss: 0.4537
Epoch [7/1000], Loss: 0.4405
Epoch [8/1000], Loss: 0.4103
Epoch [9/1000], Loss: 0.4062
Epoch [10/1000], Loss: 0.3781
Epoch [11/1000], Loss: 0.3525
Epoch [12/1000], Loss: 0.3444
Epoch [13/1000], Loss: 0.3074
Epoch [14/1000], Loss: 0.2889
Epoch [15/1000], Loss: 0.2847
Epoch [16/1000], Loss: 0.2578
Epoch [17/1000], Loss: 0.2584
Epoch [18/1000], Loss: 0.2429
Epoch [19/1000], Loss: 0.2379
Early stopping triggered.
Test Accuracy: 0.8400
all_predictions = 
[2, 2, 2, 2, 2, 2, 2, 0, 0, 0, 0, 0, 2, 0, 2, 2, 2, 0, 2, 2, 0, 2, 2, 0, 2, 0, 2, 2, 2, 0, 0, 0, 2, 2, 2, 2, 0, 0, 0, 0, 0, 0, 2, 2, 2, 0, 2, 0, 0, 0, 2, 2, 2, 2, 2, 2, 2, 2, 0, 2, 0, 0, 2, 2, 2, 0, 0, 2, 2, 2, 2, 2, 0, 0, 2, 0, 2, 2, 2, 2, 2, 2, 2, 2, 2, 2, 0, 0, 2, 2, 2, 0, 2, 2, 2, 2, 0, 2, 0, 2]
all_targets = 
[2, 2, 2, 2, 2, 2, 2, 1, 0, 2, 0, 0, 2, 0, 2, 2, 2, 0, 2, 2, 2, 2, 2, 0, 0, 2, 2, 2, 2, 2, 2, 0, 2, 2, 2, 2, 0, 0, 0, 2, 2, 0, 2, 2, 2, 0, 2, 0, 0, 0, 2, 2, 2, 2, 0, 2, 2, 2, 0, 2, 2, 0, 2, 2, 2, 0, 0, 2, 2, 2, 0, 1, 2, 0, 2, 0, 2, 2, 2, 2, 2, 2, 2, 2, 2, 1, 0, 0, 2, 2, 2, 0, 2, 2, 2, 2, 2, 2, 0, 2]
