Epoch [1/1000], Loss: 1.0885
Epoch [2/1000], Loss: 0.8568
Epoch [3/1000], Loss: 0.7669
Epoch [4/1000], Loss: 0.6942
Epoch [5/1000], Loss: 0.6451
Epoch [6/1000], Loss: 0.6083
Epoch [7/1000], Loss: 0.5618
Epoch [8/1000], Loss: 0.5319
Epoch [9/1000], Loss: 0.5130
Epoch [10/1000], Loss: 0.4870
Epoch [11/1000], Loss: 0.4825
Epoch [12/1000], Loss: 0.4509
Epoch [13/1000], Loss: 0.4462
Epoch [14/1000], Loss: 0.4563
Epoch [15/1000], Loss: 0.4215
Epoch [16/1000], Loss: 0.4009
Epoch [17/1000], Loss: 0.4019
Epoch [18/1000], Loss: 0.4180
Epoch [19/1000], Loss: 0.3861
Epoch [20/1000], Loss: 0.3815
Epoch [21/1000], Loss: 0.3791
Epoch [22/1000], Loss: 0.3802
Epoch [23/1000], Loss: 0.3732
Epoch [24/1000], Loss: 0.3692
Epoch [25/1000], Loss: 0.3762
Epoch [26/1000], Loss: 0.3643
Epoch [27/1000], Loss: 0.3651
Epoch [28/1000], Loss: 0.3542
Early stopping triggered.
Test Accuracy: 0.7773
all_predictions = 
[0, 2, 2, 2, 0, 1, 1, 1, 1, 0, 1, 0, 0, 1, 1, 1, 0, 0, 1, 1, 1, 0, 2, 0, 2, 0, 2, 2, 1, 0, 0, 1, 0, 2, 1, 1, 2, 1, 0, 0, 1, 1, 2, 0, 2, 1, 0, 0, 0, 1, 2, 0, 1, 1, 0, 0, 0, 0, 1, 1, 2, 1, 0, 1, 1, 2, 0, 0, 2, 0, 0, 2, 1, 0, 1, 0, 0, 2, 0, 2, 2, 0, 1, 0, 2, 1, 1, 2, 2, 0, 2, 0, 0, 2, 2, 2, 0, 2, 2, 2, 2, 2, 1, 1, 1, 1, 2, 2, 2, 2, 0, 1, 2, 2, 2, 0, 0, 2, 2, 1, 0, 0, 0, 1, 1, 1, 0, 2, 1, 1, 1, 1, 1, 2, 1, 2, 2, 0, 2, 1, 2, 2, 1, 0, 1, 0, 2, 0, 2, 1, 1, 2, 0, 1, 1, 1, 0, 1, 1, 1, 1, 0, 1, 0, 0, 1, 0, 2, 0, 0, 1, 2, 2, 1, 0, 1, 1, 0, 0, 0, 0, 0, 2, 1, 0, 2, 1, 0, 2, 0, 2, 0, 0, 0, 0, 0, 2, 1, 1, 1, 0, 1, 2, 0, 2, 2, 1, 1, 1, 1, 0]
all_targets = 
[0, 2, 2, 2, 0, 1, 1, 1, 1, 0, 1, 0, 2, 2, 2, 1, 0, 0, 1, 1, 1, 0, 2, 0, 2, 0, 1, 2, 1, 0, 0, 1, 0, 2, 1, 1, 2, 0, 0, 0, 1, 1, 2, 1, 2, 2, 0, 0, 1, 1, 1, 0, 1, 2, 0, 0, 0, 0, 2, 1, 2, 1, 0, 1, 1, 2, 1, 0, 2, 0, 0, 1, 1, 0, 2, 0, 0, 2, 0, 2, 2, 0, 1, 1, 2, 2, 1, 2, 2, 0, 2, 0, 0, 2, 2, 2, 0, 2, 2, 2, 2, 2, 1, 1, 1, 1, 2, 2, 2, 2, 1, 1, 2, 2, 2, 0, 1, 2, 2, 1, 0, 1, 1, 1, 1, 1, 0, 2, 1, 1, 0, 1, 1, 1, 1, 1, 2, 0, 1, 1, 2, 2, 1, 0, 1, 1, 2, 1, 2, 1, 1, 2, 0, 2, 1, 1, 1, 1, 1, 1, 2, 2, 1, 1, 0, 2, 1, 2, 0, 0, 2, 2, 2, 1, 1, 1, 2, 0, 1, 1, 1, 0, 2, 1, 0, 2, 2, 0, 2, 0, 2, 0, 1, 1, 0, 0, 2, 1, 1, 1, 0, 1, 2, 1, 2, 0, 0, 0, 1, 2, 0]
