Epoch [1/1000], Loss: 0.9604
Epoch [2/1000], Loss: 0.7293
Epoch [3/1000], Loss: 0.6473
Epoch [4/1000], Loss: 0.5654
Epoch [5/1000], Loss: 0.5272
Epoch [6/1000], Loss: 0.4982
Epoch [7/1000], Loss: 0.4717
Epoch [8/1000], Loss: 0.4514
Epoch [9/1000], Loss: 0.4587
Epoch [10/1000], Loss: 0.4394
Epoch [11/1000], Loss: 0.4176
Epoch [12/1000], Loss: 0.4208
Epoch [13/1000], Loss: 0.4063
Epoch [14/1000], Loss: 0.4171
Epoch [15/1000], Loss: 0.3913
Epoch [16/1000], Loss: 0.3825
Epoch [17/1000], Loss: 0.3708
Epoch [18/1000], Loss: 0.3682
Epoch [19/1000], Loss: 0.3521
Epoch [20/1000], Loss: 0.3431
Epoch [21/1000], Loss: 0.3450
Epoch [22/1000], Loss: 0.3350
Epoch [23/1000], Loss: 0.3307
Epoch [24/1000], Loss: 0.3402
Epoch [25/1000], Loss: 0.3237
Epoch [26/1000], Loss: 0.3239
Epoch [27/1000], Loss: 0.3188
Epoch [28/1000], Loss: 0.3169
Epoch [29/1000], Loss: 0.2957
Epoch [30/1000], Loss: 0.3034
Early stopping triggered.
Test Accuracy: 0.8104
all_predictions = 
[0, 2, 2, 2, 0, 1, 1, 1, 1, 0, 1, 0, 0, 1, 1, 1, 0, 0, 1, 1, 1, 0, 2, 0, 2, 0, 2, 2, 1, 0, 0, 1, 1, 2, 1, 1, 2, 1, 0, 0, 1, 1, 2, 1, 2, 1, 0, 0, 1, 1, 1, 0, 1, 1, 0, 0, 0, 0, 1, 1, 2, 1, 0, 1, 1, 2, 0, 0, 2, 0, 0, 2, 1, 0, 1, 0, 0, 2, 0, 2, 2, 0, 1, 1, 2, 1, 1, 2, 2, 1, 2, 0, 2, 2, 2, 2, 0, 2, 2, 2, 2, 2, 1, 2, 2, 2, 2, 2, 2, 2, 1, 1, 2, 2, 2, 0, 1, 2, 2, 1, 0, 0, 1, 1, 1, 1, 0, 2, 1, 1, 1, 1, 1, 2, 1, 2, 2, 0, 2, 1, 2, 2, 1, 0, 1, 0, 2, 1, 2, 1, 1, 2, 0, 1, 1, 1, 1, 1, 1, 1, 1, 1, 1, 0, 0, 1, 1, 2, 0, 0, 1, 2, 1, 1, 0, 1, 1, 0, 1, 1, 0, 1, 2, 1, 0, 2, 1, 0, 2, 1, 2, 0, 0, 0, 0, 0, 2, 1, 1, 1, 0, 1, 2, 1, 2, 0, 0, 0, 1, 1, 0]
all_targets = 
[0, 2, 2, 2, 0, 1, 1, 1, 1, 0, 1, 0, 2, 2, 2, 1, 0, 0, 1, 1, 1, 0, 2, 0, 2, 0, 1, 2, 1, 0, 0, 1, 0, 2, 1, 1, 2, 0, 0, 0, 1, 1, 2, 1, 2, 2, 0, 0, 1, 1, 1, 0, 1, 2, 0, 0, 0, 0, 2, 1, 2, 1, 0, 1, 1, 2, 1, 0, 2, 0, 0, 1, 1, 0, 2, 0, 0, 2, 0, 2, 2, 0, 1, 1, 2, 2, 1, 2, 2, 0, 2, 0, 0, 2, 2, 2, 0, 2, 2, 2, 2, 2, 1, 1, 1, 1, 2, 2, 2, 2, 1, 1, 2, 2, 2, 0, 1, 2, 2, 1, 0, 1, 1, 1, 1, 1, 0, 2, 1, 1, 0, 1, 1, 1, 1, 1, 2, 0, 1, 1, 2, 2, 1, 0, 1, 1, 2, 1, 2, 1, 1, 2, 0, 2, 1, 1, 1, 1, 1, 1, 2, 2, 1, 1, 0, 2, 1, 2, 0, 0, 2, 2, 2, 1, 1, 1, 2, 0, 1, 1, 1, 0, 2, 1, 0, 2, 2, 0, 2, 0, 2, 0, 1, 1, 0, 0, 2, 1, 1, 1, 0, 1, 2, 1, 2, 0, 0, 0, 1, 2, 0]
