Epoch [1/1000], Loss: 0.7264
Epoch [2/1000], Loss: 0.6718
Epoch [3/1000], Loss: 0.6207
Epoch [4/1000], Loss: 0.5541
Epoch [5/1000], Loss: 0.4848
Epoch [6/1000], Loss: 0.4327
Epoch [7/1000], Loss: 0.3831
Epoch [8/1000], Loss: 0.3414
Epoch [9/1000], Loss: 0.3382
Epoch [10/1000], Loss: 0.2996
Epoch [11/1000], Loss: 0.2844
Epoch [12/1000], Loss: 0.2629
Epoch [13/1000], Loss: 0.2698
Epoch [14/1000], Loss: 0.2539
Epoch [15/1000], Loss: 0.2646
Epoch [16/1000], Loss: 0.2495
Early stopping triggered.
Test Accuracy: 0.8500
all_predictions = 
[2, 2, 2, 2, 2, 2, 2, 0, 0, 0, 0, 0, 2, 0, 2, 2, 2, 0, 2, 2, 0, 2, 2, 0, 2, 0, 2, 2, 2, 0, 2, 0, 2, 2, 2, 2, 0, 0, 0, 2, 0, 0, 2, 2, 2, 0, 2, 0, 0, 0, 2, 2, 2, 2, 2, 2, 2, 2, 0, 2, 0, 0, 2, 2, 2, 0, 0, 2, 2, 2, 2, 2, 0, 0, 2, 0, 2, 2, 2, 2, 2, 2, 2, 2, 2, 2, 0, 0, 2, 2, 2, 0, 2, 2, 0, 2, 0, 2, 0, 2]
all_targets = 
[2, 2, 2, 2, 2, 2, 2, 1, 0, 2, 0, 0, 2, 0, 2, 2, 2, 0, 2, 2, 2, 2, 2, 0, 0, 2, 2, 2, 2, 2, 2, 0, 2, 2, 2, 2, 0, 0, 0, 2, 2, 0, 2, 2, 2, 0, 2, 0, 0, 0, 2, 2, 2, 2, 0, 2, 2, 2, 0, 2, 2, 0, 2, 2, 2, 0, 0, 2, 2, 2, 0, 1, 2, 0, 2, 0, 2, 2, 2, 2, 2, 2, 2, 2, 2, 1, 0, 0, 2, 2, 2, 0, 2, 2, 2, 2, 2, 2, 0, 2]
