Epoch [1/1000], Loss: 0.7840
Epoch [2/1000], Loss: 0.6690
Epoch [3/1000], Loss: 0.5713
Epoch [4/1000], Loss: 0.5356
Epoch [5/1000], Loss: 0.4623
Epoch [6/1000], Loss: 0.4429
Epoch [7/1000], Loss: 0.4129
Epoch [8/1000], Loss: 0.3718
Epoch [9/1000], Loss: 0.3719
Epoch [10/1000], Loss: 0.3272
Epoch [11/1000], Loss: 0.3382
Epoch [12/1000], Loss: 0.2975
Epoch [13/1000], Loss: 0.2773
Epoch [14/1000], Loss: 0.2863
Epoch [15/1000], Loss: 0.2618
Epoch [16/1000], Loss: 0.2717
Epoch [17/1000], Loss: 0.2704
Epoch [18/1000], Loss: 0.2625
Early stopping triggered.
Test Accuracy: 0.8500
all_predictions = 
[2, 2, 2, 2, 2, 2, 2, 0, 0, 0, 0, 0, 2, 0, 2, 2, 2, 0, 2, 2, 2, 2, 2, 0, 2, 0, 2, 2, 2, 0, 0, 0, 2, 2, 2, 2, 0, 0, 0, 0, 0, 0, 2, 2, 2, 0, 2, 0, 0, 0, 2, 2, 2, 2, 0, 2, 2, 2, 0, 2, 0, 0, 2, 2, 2, 0, 0, 2, 2, 2, 2, 2, 0, 0, 2, 0, 2, 2, 2, 2, 2, 2, 2, 2, 2, 0, 0, 0, 2, 2, 2, 0, 2, 2, 0, 2, 0, 2, 0, 2]
all_targets = 
[2, 2, 2, 2, 2, 2, 2, 1, 0, 2, 0, 0, 2, 0, 2, 2, 2, 0, 2, 2, 2, 2, 2, 0, 0, 2, 2, 2, 2, 2, 2, 0, 2, 2, 2, 2, 0, 0, 0, 2, 2, 0, 2, 2, 2, 0, 2, 0, 0, 0, 2, 2, 2, 2, 0, 2, 2, 2, 0, 2, 2, 0, 2, 2, 2, 0, 0, 2, 2, 2, 0, 1, 2, 0, 2, 0, 2, 2, 2, 2, 2, 2, 2, 2, 2, 1, 0, 0, 2, 2, 2, 0, 2, 2, 2, 2, 2, 2, 0, 2]
