Epoch [1/1000], Loss: 0.8318
Epoch [2/1000], Loss: 0.6850
Epoch [3/1000], Loss: 0.6480
Epoch [4/1000], Loss: 0.5413
Epoch [5/1000], Loss: 0.4918
Epoch [6/1000], Loss: 0.4450
Epoch [7/1000], Loss: 0.4259
Epoch [8/1000], Loss: 0.3925
Epoch [9/1000], Loss: 0.3959
Epoch [10/1000], Loss: 0.3594
Epoch [11/1000], Loss: 0.3434
Epoch [12/1000], Loss: 0.3193
Epoch [13/1000], Loss: 0.3058
Epoch [14/1000], Loss: 0.2937
Epoch [15/1000], Loss: 0.2760
Epoch [16/1000], Loss: 0.2653
Early stopping triggered.
Test Accuracy: 0.8300
all_predictions = 
[2, 2, 2, 2, 2, 2, 2, 0, 0, 0, 0, 0, 2, 0, 2, 2, 2, 0, 2, 2, 0, 2, 2, 0, 2, 0, 2, 2, 2, 0, 0, 0, 2, 2, 2, 2, 0, 0, 0, 2, 0, 0, 2, 2, 2, 0, 2, 0, 0, 0, 2, 2, 2, 2, 2, 2, 2, 2, 0, 2, 0, 0, 2, 2, 2, 0, 0, 2, 2, 2, 2, 2, 0, 0, 2, 0, 2, 2, 2, 2, 2, 2, 2, 2, 2, 2, 0, 0, 2, 2, 2, 2, 2, 2, 2, 0, 0, 2, 0, 2]
all_targets = 
[2, 2, 2, 2, 2, 2, 2, 1, 0, 2, 0, 0, 2, 0, 2, 2, 2, 0, 2, 2, 2, 2, 2, 0, 0, 2, 2, 2, 2, 2, 2, 0, 2, 2, 2, 2, 0, 0, 0, 2, 2, 0, 2, 2, 2, 0, 2, 0, 0, 0, 2, 2, 2, 2, 0, 2, 2, 2, 0, 2, 2, 0, 2, 2, 2, 0, 0, 2, 2, 2, 0, 1, 2, 0, 2, 0, 2, 2, 2, 2, 2, 2, 2, 2, 2, 1, 0, 0, 2, 2, 2, 0, 2, 2, 2, 2, 2, 2, 0, 2]
