Epoch [1/1000], Loss: 0.7056
Epoch [2/1000], Loss: 0.6022
Epoch [3/1000], Loss: 0.5226
Epoch [4/1000], Loss: 0.4942
Epoch [5/1000], Loss: 0.4780
Epoch [6/1000], Loss: 0.4317
Epoch [7/1000], Loss: 0.3967
Epoch [8/1000], Loss: 0.3908
Epoch [9/1000], Loss: 0.3686
Epoch [10/1000], Loss: 0.3383
Epoch [11/1000], Loss: 0.3350
Epoch [12/1000], Loss: 0.3136
Epoch [13/1000], Loss: 0.2772
Epoch [14/1000], Loss: 0.2698
Epoch [15/1000], Loss: 0.2569
Epoch [16/1000], Loss: 0.2435
Epoch [17/1000], Loss: 0.2404
Epoch [18/1000], Loss: 0.2235
Epoch [19/1000], Loss: 0.2179
Epoch [20/1000], Loss: 0.2376
Epoch [21/1000], Loss: 0.2150
Epoch [22/1000], Loss: 0.1942
Early stopping triggered.
Test Accuracy: 0.8800
all_predictions = 
[2, 2, 2, 2, 2, 2, 2, 0, 0, 0, 0, 0, 2, 0, 2, 2, 2, 0, 2, 2, 2, 2, 2, 0, 2, 0, 2, 2, 2, 0, 0, 0, 2, 2, 2, 2, 0, 0, 0, 2, 0, 0, 2, 2, 2, 0, 2, 0, 0, 0, 2, 2, 2, 2, 0, 2, 2, 2, 0, 2, 0, 0, 2, 2, 2, 0, 0, 2, 2, 2, 0, 2, 0, 0, 2, 0, 2, 2, 2, 2, 2, 2, 2, 2, 2, 0, 0, 0, 2, 2, 2, 0, 2, 2, 2, 2, 0, 2, 0, 2]
all_targets = 
[2, 2, 2, 2, 2, 2, 2, 1, 0, 2, 0, 0, 2, 0, 2, 2, 2, 0, 2, 2, 2, 2, 2, 0, 0, 2, 2, 2, 2, 2, 2, 0, 2, 2, 2, 2, 0, 0, 0, 2, 2, 0, 2, 2, 2, 0, 2, 0, 0, 0, 2, 2, 2, 2, 0, 2, 2, 2, 0, 2, 2, 0, 2, 2, 2, 0, 0, 2, 2, 2, 0, 1, 2, 0, 2, 0, 2, 2, 2, 2, 2, 2, 2, 2, 2, 1, 0, 0, 2, 2, 2, 0, 2, 2, 2, 2, 2, 2, 0, 2]
