Epoch [1/1000], Loss: 1.2234
Epoch [2/1000], Loss: 1.0938
Epoch [3/1000], Loss: 0.9596
Epoch [4/1000], Loss: 0.7615
Epoch [5/1000], Loss: 0.6957
Epoch [6/1000], Loss: 0.6729
Epoch [7/1000], Loss: 0.6329
Epoch [8/1000], Loss: 0.6060
Epoch [9/1000], Loss: 0.5874
Epoch [10/1000], Loss: 0.5749
Epoch [11/1000], Loss: 0.5746
Epoch [12/1000], Loss: 0.5507
Epoch [13/1000], Loss: 0.5373
Epoch [14/1000], Loss: 0.5389
Epoch [15/1000], Loss: 0.5316
Epoch [16/1000], Loss: 0.5104
Epoch [17/1000], Loss: 0.4940
Epoch [18/1000], Loss: 0.4944
Epoch [19/1000], Loss: 0.4860
Epoch [20/1000], Loss: 0.4747
Epoch [21/1000], Loss: 0.4710
Epoch [22/1000], Loss: 0.4874
Epoch [23/1000], Loss: 0.4536
Epoch [24/1000], Loss: 0.4569
Epoch [25/1000], Loss: 0.4623
Epoch [26/1000], Loss: 0.4478
Epoch [27/1000], Loss: 0.4441
Epoch [28/1000], Loss: 0.4348
Epoch [29/1000], Loss: 0.4236
Epoch [30/1000], Loss: 0.4302
Early stopping triggered.
Test Accuracy: 0.8246
all_predictions = 
[0, 2, 2, 2, 0, 1, 1, 1, 1, 0, 1, 0, 1, 1, 1, 1, 0, 0, 1, 1, 1, 0, 2, 0, 2, 0, 2, 2, 1, 0, 0, 1, 1, 2, 1, 1, 1, 1, 0, 0, 1, 1, 2, 1, 2, 1, 0, 0, 1, 1, 2, 0, 1, 1, 0, 0, 0, 0, 1, 1, 2, 2, 0, 1, 1, 2, 1, 0, 2, 0, 0, 2, 1, 0, 1, 1, 0, 2, 0, 2, 2, 1, 1, 1, 2, 1, 1, 2, 2, 0, 2, 0, 1, 2, 2, 2, 1, 2, 2, 2, 2, 2, 1, 1, 1, 1, 2, 2, 2, 2, 1, 1, 2, 2, 2, 0, 1, 2, 2, 1, 0, 0, 1, 1, 1, 1, 0, 2, 1, 1, 0, 1, 1, 2, 1, 2, 2, 0, 2, 1, 2, 2, 1, 0, 1, 0, 2, 0, 2, 1, 1, 2, 0, 1, 1, 1, 1, 1, 1, 1, 1, 0, 1, 0, 0, 1, 1, 2, 0, 0, 2, 2, 2, 1, 0, 1, 1, 0, 1, 1, 1, 1, 2, 1, 0, 2, 1, 0, 2, 1, 2, 1, 1, 1, 0, 0, 2, 1, 1, 1, 0, 1, 2, 1, 2, 0, 0, 0, 1, 1, 0]
all_targets = 
[0, 2, 2, 2, 0, 1, 1, 1, 1, 0, 1, 0, 2, 2, 2, 1, 0, 0, 1, 1, 1, 0, 2, 0, 2, 0, 1, 2, 1, 0, 0, 1, 0, 2, 1, 1, 2, 0, 0, 0, 1, 1, 2, 1, 2, 2, 0, 0, 1, 1, 1, 0, 1, 2, 0, 0, 0, 0, 2, 1, 2, 1, 0, 1, 1, 2, 1, 0, 2, 0, 0, 1, 1, 0, 2, 0, 0, 2, 0, 2, 2, 0, 1, 1, 2, 2, 1, 2, 2, 0, 2, 0, 0, 2, 2, 2, 0, 2, 2, 2, 2, 2, 1, 1, 1, 1, 2, 2, 2, 2, 1, 1, 2, 2, 2, 0, 1, 2, 2, 1, 0, 1, 1, 1, 1, 1, 0, 2, 1, 1, 0, 1, 1, 1, 1, 1, 2, 0, 1, 1, 2, 2, 1, 0, 1, 1, 2, 1, 2, 1, 1, 2, 0, 2, 1, 1, 1, 1, 1, 1, 2, 2, 1, 1, 0, 2, 1, 2, 0, 0, 2, 2, 2, 1, 1, 1, 2, 0, 1, 1, 1, 0, 2, 1, 0, 2, 2, 0, 2, 0, 2, 0, 1, 1, 0, 0, 2, 1, 1, 1, 0, 1, 2, 1, 2, 0, 0, 0, 1, 2, 0]
