Epoch [1/1000], Loss: 0.8587
Epoch [2/1000], Loss: 0.7066
Epoch [3/1000], Loss: 0.6553
Epoch [4/1000], Loss: 0.6179
Epoch [5/1000], Loss: 0.5796
Epoch [6/1000], Loss: 0.5536
Epoch [7/1000], Loss: 0.5352
Epoch [8/1000], Loss: 0.4992
Epoch [9/1000], Loss: 0.4867
Epoch [10/1000], Loss: 0.4668
Epoch [11/1000], Loss: 0.4622
Epoch [12/1000], Loss: 0.4573
Epoch [13/1000], Loss: 0.4247
Epoch [14/1000], Loss: 0.4138
Epoch [15/1000], Loss: 0.4040
Epoch [16/1000], Loss: 0.4001
Epoch [17/1000], Loss: 0.3853
Epoch [18/1000], Loss: 0.3736
Epoch [19/1000], Loss: 0.3753
Epoch [20/1000], Loss: 0.3722
Epoch [21/1000], Loss: 0.3554
Early stopping triggered.
Test Accuracy: 0.8057
all_predictions = 
[0, 2, 2, 2, 0, 1, 1, 1, 1, 0, 1, 0, 0, 1, 1, 1, 0, 0, 1, 1, 1, 0, 2, 0, 2, 0, 2, 2, 1, 0, 0, 1, 0, 2, 1, 1, 2, 1, 0, 0, 1, 1, 2, 1, 2, 1, 0, 0, 0, 1, 2, 0, 1, 1, 0, 0, 0, 0, 1, 1, 2, 1, 0, 1, 1, 2, 0, 0, 2, 0, 0, 2, 1, 0, 1, 0, 0, 2, 0, 2, 2, 0, 1, 2, 2, 1, 1, 2, 2, 1, 2, 0, 2, 2, 2, 2, 1, 2, 2, 2, 2, 2, 1, 1, 1, 1, 2, 2, 2, 2, 1, 1, 2, 2, 2, 0, 2, 2, 2, 1, 0, 0, 1, 1, 0, 1, 0, 2, 1, 1, 0, 1, 1, 2, 1, 2, 2, 0, 2, 1, 2, 2, 1, 0, 1, 0, 2, 0, 2, 1, 1, 2, 0, 1, 1, 1, 1, 1, 1, 1, 1, 0, 1, 0, 0, 1, 1, 2, 0, 0, 2, 2, 2, 1, 0, 0, 1, 0, 1, 1, 0, 1, 2, 1, 0, 2, 1, 0, 2, 1, 2, 0, 0, 0, 0, 0, 2, 1, 1, 1, 0, 1, 2, 1, 2, 0, 0, 0, 1, 1, 0]
all_targets = 
[0, 2, 2, 2, 0, 1, 1, 1, 1, 0, 1, 0, 2, 2, 2, 1, 0, 0, 1, 1, 1, 0, 2, 0, 2, 0, 1, 2, 1, 0, 0, 1, 0, 2, 1, 1, 2, 0, 0, 0, 1, 1, 2, 1, 2, 2, 0, 0, 1, 1, 1, 0, 1, 2, 0, 0, 0, 0, 2, 1, 2, 1, 0, 1, 1, 2, 1, 0, 2, 0, 0, 1, 1, 0, 2, 0, 0, 2, 0, 2, 2, 0, 1, 1, 2, 2, 1, 2, 2, 0, 2, 0, 0, 2, 2, 2, 0, 2, 2, 2, 2, 2, 1, 1, 1, 1, 2, 2, 2, 2, 1, 1, 2, 2, 2, 0, 1, 2, 2, 1, 0, 1, 1, 1, 1, 1, 0, 2, 1, 1, 0, 1, 1, 1, 1, 1, 2, 0, 1, 1, 2, 2, 1, 0, 1, 1, 2, 1, 2, 1, 1, 2, 0, 2, 1, 1, 1, 1, 1, 1, 2, 2, 1, 1, 0, 2, 1, 2, 0, 0, 2, 2, 2, 1, 1, 1, 2, 0, 1, 1, 1, 0, 2, 1, 0, 2, 2, 0, 2, 0, 2, 0, 1, 1, 0, 0, 2, 1, 1, 1, 0, 1, 2, 1, 2, 0, 0, 0, 1, 2, 0]
