Epoch [1/1000], Loss: 0.7017
Epoch [2/1000], Loss: 0.6758
Epoch [3/1000], Loss: 0.6550
Epoch [4/1000], Loss: 0.5437
Epoch [5/1000], Loss: 0.5008
Epoch [6/1000], Loss: 0.4454
Epoch [7/1000], Loss: 0.4055
Epoch [8/1000], Loss: 0.3782
Epoch [9/1000], Loss: 0.3291
Epoch [10/1000], Loss: 0.3004
Epoch [11/1000], Loss: 0.2879
Epoch [12/1000], Loss: 0.2740
Epoch [13/1000], Loss: 0.2605
Epoch [14/1000], Loss: 0.2762
Epoch [15/1000], Loss: 0.2486
Early stopping triggered.
Test Accuracy: 0.8400
all_predictions = 
[2, 2, 2, 2, 2, 2, 2, 0, 0, 0, 0, 0, 2, 0, 2, 2, 2, 0, 2, 2, 0, 2, 2, 0, 0, 0, 2, 2, 2, 0, 0, 0, 2, 2, 2, 2, 0, 0, 0, 2, 0, 0, 2, 2, 2, 0, 2, 0, 0, 0, 2, 2, 2, 2, 0, 2, 2, 2, 0, 2, 0, 0, 2, 2, 2, 0, 0, 2, 2, 2, 2, 2, 0, 0, 2, 0, 2, 2, 2, 2, 2, 2, 2, 2, 2, 0, 0, 0, 2, 0, 2, 0, 2, 2, 0, 0, 0, 2, 0, 2]
all_targets = 
[2, 2, 2, 2, 2, 2, 2, 1, 0, 2, 0, 0, 2, 0, 2, 2, 2, 0, 2, 2, 2, 2, 2, 0, 0, 2, 2, 2, 2, 2, 2, 0, 2, 2, 2, 2, 0, 0, 0, 2, 2, 0, 2, 2, 2, 0, 2, 0, 0, 0, 2, 2, 2, 2, 0, 2, 2, 2, 0, 2, 2, 0, 2, 2, 2, 0, 0, 2, 2, 2, 0, 1, 2, 0, 2, 0, 2, 2, 2, 2, 2, 2, 2, 2, 2, 1, 0, 0, 2, 2, 2, 0, 2, 2, 2, 2, 2, 2, 0, 2]
