Epoch [1/1000], Loss: 1.0859
Epoch [2/1000], Loss: 0.8138
Epoch [3/1000], Loss: 0.6850
Epoch [4/1000], Loss: 0.6345
Epoch [5/1000], Loss: 0.5829
Epoch [6/1000], Loss: 0.5483
Epoch [7/1000], Loss: 0.5191
Epoch [8/1000], Loss: 0.5052
Epoch [9/1000], Loss: 0.4690
Epoch [10/1000], Loss: 0.4656
Epoch [11/1000], Loss: 0.4657
Epoch [12/1000], Loss: 0.4334
Early stopping triggered.
Test Accuracy: 0.7299
all_predictions = 
[0, 2, 2, 2, 0, 0, 0, 1, 1, 0, 1, 0, 2, 1, 0, 1, 0, 0, 1, 1, 1, 0, 2, 0, 2, 0, 2, 2, 0, 1, 0, 0, 2, 2, 1, 1, 0, 0, 0, 0, 0, 1, 2, 1, 2, 1, 0, 0, 0, 1, 2, 0, 1, 0, 0, 0, 0, 0, 1, 0, 2, 1, 0, 1, 0, 2, 0, 0, 2, 0, 0, 2, 1, 0, 1, 2, 0, 2, 0, 2, 2, 0, 1, 2, 2, 1, 1, 2, 2, 0, 2, 0, 2, 2, 2, 2, 0, 2, 2, 2, 2, 2, 1, 1, 1, 1, 2, 2, 2, 2, 1, 1, 2, 2, 2, 0, 2, 2, 2, 0, 0, 0, 0, 1, 0, 1, 0, 2, 1, 0, 0, 1, 1, 2, 1, 2, 2, 0, 2, 1, 2, 2, 1, 0, 1, 0, 2, 0, 2, 1, 0, 2, 0, 1, 0, 1, 1, 1, 0, 1, 0, 0, 1, 0, 0, 1, 1, 2, 0, 0, 2, 2, 2, 1, 1, 0, 1, 0, 0, 0, 0, 0, 2, 0, 0, 2, 1, 0, 2, 0, 2, 0, 0, 0, 0, 0, 2, 1, 0, 1, 0, 1, 2, 0, 2, 0, 0, 1, 1, 1, 0]
all_targets = 
[0, 2, 2, 2, 0, 1, 1, 1, 1, 0, 1, 0, 2, 2, 2, 1, 0, 0, 1, 1, 1, 0, 2, 0, 2, 0, 1, 2, 1, 0, 0, 1, 0, 2, 1, 1, 2, 0, 0, 0, 1, 1, 2, 1, 2, 2, 0, 0, 1, 1, 1, 0, 1, 2, 0, 0, 0, 0, 2, 1, 2, 1, 0, 1, 1, 2, 1, 0, 2, 0, 0, 1, 1, 0, 2, 0, 0, 2, 0, 2, 2, 0, 1, 1, 2, 2, 1, 2, 2, 0, 2, 0, 0, 2, 2, 2, 0, 2, 2, 2, 2, 2, 1, 1, 1, 1, 2, 2, 2, 2, 1, 1, 2, 2, 2, 0, 1, 2, 2, 1, 0, 1, 1, 1, 1, 1, 0, 2, 1, 1, 0, 1, 1, 1, 1, 1, 2, 0, 1, 1, 2, 2, 1, 0, 1, 1, 2, 1, 2, 1, 1, 2, 0, 2, 1, 1, 1, 1, 1, 1, 2, 2, 1, 1, 0, 2, 1, 2, 0, 0, 2, 2, 2, 1, 1, 1, 2, 0, 1, 1, 1, 0, 2, 1, 0, 2, 2, 0, 2, 0, 2, 0, 1, 1, 0, 0, 2, 1, 1, 1, 0, 1, 2, 1, 2, 0, 0, 0, 1, 2, 0]
