Epoch [1/1000], Loss: 0.7300
Epoch [2/1000], Loss: 0.6007
Epoch [3/1000], Loss: 0.5093
Epoch [4/1000], Loss: 0.4820
Epoch [5/1000], Loss: 0.4409
Epoch [6/1000], Loss: 0.4329
Epoch [7/1000], Loss: 0.3841
Epoch [8/1000], Loss: 0.3664
Epoch [9/1000], Loss: 0.3605
Epoch [10/1000], Loss: 0.3527
Epoch [11/1000], Loss: 0.3299
Epoch [12/1000], Loss: 0.3142
Epoch [13/1000], Loss: 0.3102
Epoch [14/1000], Loss: 0.2989
Epoch [15/1000], Loss: 0.2706
Epoch [16/1000], Loss: 0.2599
Early stopping triggered.
Test Accuracy: 0.8400
all_predictions = 
[2, 2, 2, 2, 2, 2, 2, 0, 0, 0, 0, 0, 2, 0, 2, 2, 2, 0, 2, 2, 0, 2, 2, 0, 2, 0, 2, 2, 2, 0, 0, 0, 2, 2, 2, 2, 0, 0, 0, 0, 0, 0, 2, 2, 2, 0, 2, 0, 0, 0, 2, 2, 2, 2, 0, 2, 2, 2, 0, 2, 0, 0, 2, 2, 2, 0, 0, 2, 2, 2, 2, 2, 0, 0, 2, 0, 2, 2, 2, 2, 2, 2, 2, 2, 2, 2, 0, 0, 2, 2, 2, 2, 2, 2, 2, 2, 0, 2, 0, 2]
all_targets = 
[2, 2, 2, 2, 2, 2, 2, 1, 0, 2, 0, 0, 2, 0, 2, 2, 2, 0, 2, 2, 2, 2, 2, 0, 0, 2, 2, 2, 2, 2, 2, 0, 2, 2, 2, 2, 0, 0, 0, 2, 2, 0, 2, 2, 2, 0, 2, 0, 0, 0, 2, 2, 2, 2, 0, 2, 2, 2, 0, 2, 2, 0, 2, 2, 2, 0, 0, 2, 2, 2, 0, 1, 2, 0, 2, 0, 2, 2, 2, 2, 2, 2, 2, 2, 2, 1, 0, 0, 2, 2, 2, 0, 2, 2, 2, 2, 2, 2, 0, 2]
