Epoch [1/1000], Loss: 1.0446
Epoch [2/1000], Loss: 0.8018
Epoch [3/1000], Loss: 0.7125
Epoch [4/1000], Loss: 0.6757
Epoch [5/1000], Loss: 0.6568
Epoch [6/1000], Loss: 0.6432
Epoch [7/1000], Loss: 0.6215
Epoch [8/1000], Loss: 0.6068
Epoch [9/1000], Loss: 0.5748
Epoch [10/1000], Loss: 0.5773
Epoch [11/1000], Loss: 0.5561
Epoch [12/1000], Loss: 0.5325
Epoch [13/1000], Loss: 0.5179
Epoch [14/1000], Loss: 0.4976
Epoch [15/1000], Loss: 0.4917
Epoch [16/1000], Loss: 0.4761
Epoch [17/1000], Loss: 0.4589
Epoch [18/1000], Loss: 0.4758
Epoch [19/1000], Loss: 0.4554
Epoch [20/1000], Loss: 0.4423
Epoch [21/1000], Loss: 0.4654
Epoch [22/1000], Loss: 0.4314
Epoch [23/1000], Loss: 0.4081
Epoch [24/1000], Loss: 0.4131
Epoch [25/1000], Loss: 0.4020
Epoch [26/1000], Loss: 0.4058
Epoch [27/1000], Loss: 0.3849
Epoch [28/1000], Loss: 0.3905
Epoch [29/1000], Loss: 0.3871
Epoch [30/1000], Loss: 0.3808
Early stopping triggered.
Test Accuracy: 0.8104
all_predictions = 
[0, 2, 2, 2, 0, 1, 1, 1, 1, 0, 1, 0, 0, 1, 1, 1, 0, 0, 1, 1, 1, 0, 2, 0, 2, 0, 2, 2, 1, 0, 0, 1, 0, 2, 1, 1, 2, 1, 0, 0, 1, 1, 2, 0, 2, 1, 0, 0, 0, 1, 2, 0, 1, 1, 0, 0, 0, 0, 1, 1, 2, 1, 0, 1, 1, 2, 0, 0, 2, 0, 0, 2, 1, 0, 1, 0, 0, 2, 0, 2, 2, 0, 1, 0, 2, 2, 1, 2, 2, 0, 2, 0, 2, 2, 2, 2, 0, 2, 2, 2, 2, 2, 1, 1, 1, 1, 2, 2, 2, 2, 0, 1, 2, 2, 2, 0, 0, 2, 2, 1, 0, 0, 0, 1, 1, 1, 0, 2, 1, 1, 1, 1, 1, 2, 1, 2, 2, 0, 2, 1, 2, 2, 1, 0, 1, 0, 2, 0, 2, 0, 1, 2, 0, 1, 1, 1, 1, 1, 1, 1, 0, 1, 1, 0, 0, 1, 1, 2, 0, 0, 1, 2, 2, 1, 0, 1, 1, 0, 1, 1, 0, 0, 2, 1, 0, 2, 0, 0, 2, 0, 2, 0, 0, 0, 0, 0, 2, 1, 1, 1, 0, 1, 2, 1, 2, 0, 0, 0, 1, 1, 0]
all_targets = 
[0, 2, 2, 2, 0, 1, 1, 1, 1, 0, 1, 0, 2, 2, 2, 1, 0, 0, 1, 1, 1, 0, 2, 0, 2, 0, 1, 2, 1, 0, 0, 1, 0, 2, 1, 1, 2, 0, 0, 0, 1, 1, 2, 1, 2, 2, 0, 0, 1, 1, 1, 0, 1, 2, 0, 0, 0, 0, 2, 1, 2, 1, 0, 1, 1, 2, 1, 0, 2, 0, 0, 1, 1, 0, 2, 0, 0, 2, 0, 2, 2, 0, 1, 1, 2, 2, 1, 2, 2, 0, 2, 0, 0, 2, 2, 2, 0, 2, 2, 2, 2, 2, 1, 1, 1, 1, 2, 2, 2, 2, 1, 1, 2, 2, 2, 0, 1, 2, 2, 1, 0, 1, 1, 1, 1, 1, 0, 2, 1, 1, 0, 1, 1, 1, 1, 1, 2, 0, 1, 1, 2, 2, 1, 0, 1, 1, 2, 1, 2, 1, 1, 2, 0, 2, 1, 1, 1, 1, 1, 1, 2, 2, 1, 1, 0, 2, 1, 2, 0, 0, 2, 2, 2, 1, 1, 1, 2, 0, 1, 1, 1, 0, 2, 1, 0, 2, 2, 0, 2, 0, 2, 0, 1, 1, 0, 0, 2, 1, 1, 1, 0, 1, 2, 1, 2, 0, 0, 0, 1, 2, 0]
