Epoch [1/1000], Loss: 0.7191
Epoch [2/1000], Loss: 0.6727
Epoch [3/1000], Loss: 0.6222
Epoch [4/1000], Loss: 0.5430
Epoch [5/1000], Loss: 0.4801
Epoch [6/1000], Loss: 0.4652
Epoch [7/1000], Loss: 0.4165
Epoch [8/1000], Loss: 0.3905
Epoch [9/1000], Loss: 0.3446
Epoch [10/1000], Loss: 0.3748
Epoch [11/1000], Loss: 0.3864
Epoch [12/1000], Loss: 0.3022
Epoch [13/1000], Loss: 0.3013
Epoch [14/1000], Loss: 0.2881
Epoch [15/1000], Loss: 0.2895
Epoch [16/1000], Loss: 0.2748
Epoch [17/1000], Loss: 0.2715
Early stopping triggered.
Test Accuracy: 0.8200
all_predictions = 
[2, 2, 2, 2, 2, 2, 2, 0, 0, 0, 0, 0, 2, 0, 2, 2, 2, 0, 2, 2, 0, 2, 2, 0, 0, 0, 2, 2, 2, 0, 0, 0, 2, 2, 2, 2, 0, 0, 0, 0, 0, 0, 2, 2, 2, 0, 2, 0, 0, 0, 2, 2, 2, 2, 0, 2, 2, 2, 0, 2, 0, 0, 2, 2, 2, 0, 0, 2, 2, 2, 2, 2, 0, 0, 2, 0, 2, 2, 2, 2, 2, 2, 2, 2, 2, 0, 0, 0, 2, 0, 2, 0, 2, 0, 0, 0, 0, 2, 0, 2]
all_targets = 
[2, 2, 2, 2, 2, 2, 2, 1, 0, 2, 0, 0, 2, 0, 2, 2, 2, 0, 2, 2, 2, 2, 2, 0, 0, 2, 2, 2, 2, 2, 2, 0, 2, 2, 2, 2, 0, 0, 0, 2, 2, 0, 2, 2, 2, 0, 2, 0, 0, 0, 2, 2, 2, 2, 0, 2, 2, 2, 0, 2, 2, 0, 2, 2, 2, 0, 0, 2, 2, 2, 0, 1, 2, 0, 2, 0, 2, 2, 2, 2, 2, 2, 2, 2, 2, 1, 0, 0, 2, 2, 2, 0, 2, 2, 2, 2, 2, 2, 0, 2]
