Epoch [1/1000], Loss: 0.9597
Epoch [2/1000], Loss: 0.7338
Epoch [3/1000], Loss: 0.6960
Epoch [4/1000], Loss: 0.6624
Epoch [5/1000], Loss: 0.5886
Epoch [6/1000], Loss: 0.5246
Epoch [7/1000], Loss: 0.5036
Epoch [8/1000], Loss: 0.4707
Epoch [9/1000], Loss: 0.4498
Epoch [10/1000], Loss: 0.4221
Epoch [11/1000], Loss: 0.4020
Epoch [12/1000], Loss: 0.3743
Epoch [13/1000], Loss: 0.3619
Epoch [14/1000], Loss: 0.3420
Epoch [15/1000], Loss: 0.3229
Epoch [16/1000], Loss: 0.3139
Epoch [17/1000], Loss: 0.2943
Epoch [18/1000], Loss: 0.3260
Epoch [19/1000], Loss: 0.2828
Epoch [20/1000], Loss: 0.2691
Epoch [21/1000], Loss: 0.2572
Epoch [22/1000], Loss: 0.2529
Epoch [23/1000], Loss: 0.2418
Epoch [24/1000], Loss: 0.2355
Epoch [25/1000], Loss: 0.2288
Epoch [26/1000], Loss: 0.2230
Epoch [27/1000], Loss: 0.2117
Epoch [28/1000], Loss: 0.2116
Epoch [29/1000], Loss: 0.2103
Early stopping triggered.
Test Accuracy: 0.8500
all_predictions = 
[2, 2, 2, 2, 2, 2, 2, 0, 0, 2, 0, 0, 2, 0, 2, 2, 2, 0, 2, 2, 2, 2, 2, 0, 2, 0, 2, 2, 2, 0, 0, 0, 2, 2, 2, 2, 0, 0, 2, 2, 2, 2, 2, 2, 2, 0, 2, 0, 0, 0, 2, 2, 2, 2, 0, 2, 2, 2, 0, 2, 0, 0, 2, 2, 2, 0, 0, 2, 2, 2, 2, 2, 0, 0, 2, 0, 2, 2, 2, 2, 2, 2, 2, 2, 2, 2, 0, 0, 2, 2, 2, 2, 2, 2, 2, 2, 0, 2, 2, 2]
all_targets = 
[2, 2, 2, 2, 2, 2, 2, 1, 0, 2, 0, 0, 2, 0, 2, 2, 2, 0, 2, 2, 2, 2, 2, 0, 0, 2, 2, 2, 2, 2, 2, 0, 2, 2, 2, 2, 0, 0, 0, 2, 2, 0, 2, 2, 2, 0, 2, 0, 0, 0, 2, 2, 2, 2, 0, 2, 2, 2, 0, 2, 2, 0, 2, 2, 2, 0, 0, 2, 2, 2, 0, 1, 2, 0, 2, 0, 2, 2, 2, 2, 2, 2, 2, 2, 2, 1, 0, 0, 2, 2, 2, 0, 2, 2, 2, 2, 2, 2, 0, 2]
