Epoch [1/1000], Loss: 0.6961
Epoch [2/1000], Loss: 0.5984
Epoch [3/1000], Loss: 0.5240
Epoch [4/1000], Loss: 0.4722
Epoch [5/1000], Loss: 0.4307
Epoch [6/1000], Loss: 0.4021
Epoch [7/1000], Loss: 0.3693
Epoch [8/1000], Loss: 0.3538
Epoch [9/1000], Loss: 0.3134
Epoch [10/1000], Loss: 0.3168
Epoch [11/1000], Loss: 0.2957
Epoch [12/1000], Loss: 0.2731
Epoch [13/1000], Loss: 0.2739
Epoch [14/1000], Loss: 0.2556
Early stopping triggered.
Test Accuracy: 0.8400
all_predictions = 
[2, 2, 2, 2, 2, 2, 2, 0, 0, 0, 0, 0, 2, 0, 2, 2, 2, 0, 2, 2, 0, 2, 2, 0, 2, 0, 2, 2, 2, 0, 0, 0, 2, 2, 2, 2, 0, 0, 0, 0, 0, 0, 2, 2, 2, 0, 2, 0, 0, 0, 2, 2, 2, 2, 0, 2, 2, 2, 0, 2, 0, 0, 2, 2, 2, 0, 0, 2, 2, 2, 2, 2, 0, 0, 2, 0, 2, 2, 2, 2, 2, 2, 2, 2, 2, 0, 0, 0, 2, 2, 2, 0, 2, 2, 0, 2, 0, 2, 0, 2]
all_targets = 
[2, 2, 2, 2, 2, 2, 2, 1, 0, 2, 0, 0, 2, 0, 2, 2, 2, 0, 2, 2, 2, 2, 2, 0, 0, 2, 2, 2, 2, 2, 2, 0, 2, 2, 2, 2, 0, 0, 0, 2, 2, 0, 2, 2, 2, 0, 2, 0, 0, 0, 2, 2, 2, 2, 0, 2, 2, 2, 0, 2, 2, 0, 2, 2, 2, 0, 0, 2, 2, 2, 0, 1, 2, 0, 2, 0, 2, 2, 2, 2, 2, 2, 2, 2, 2, 1, 0, 0, 2, 2, 2, 0, 2, 2, 2, 2, 2, 2, 0, 2]
