Epoch [1/1000], Loss: 0.7412
Epoch [2/1000], Loss: 0.6776
Epoch [3/1000], Loss: 0.6708
Epoch [4/1000], Loss: 0.6511
Epoch [5/1000], Loss: 0.5950
Epoch [6/1000], Loss: 0.5536
Epoch [7/1000], Loss: 0.4956
Epoch [8/1000], Loss: 0.4492
Epoch [9/1000], Loss: 0.4295
Epoch [10/1000], Loss: 0.4091
Epoch [11/1000], Loss: 0.3880
Epoch [12/1000], Loss: 0.3847
Epoch [13/1000], Loss: 0.3723
Epoch [14/1000], Loss: 0.3625
Epoch [15/1000], Loss: 0.3573
Epoch [16/1000], Loss: 0.3335
Epoch [17/1000], Loss: 0.3169
Epoch [18/1000], Loss: 0.3098
Epoch [19/1000], Loss: 0.2845
Epoch [20/1000], Loss: 0.2746
Epoch [21/1000], Loss: 0.2638
Epoch [22/1000], Loss: 0.2519
Epoch [23/1000], Loss: 0.2741
Epoch [24/1000], Loss: 0.2445
Epoch [25/1000], Loss: 0.2388
Early stopping triggered.
Test Accuracy: 0.8700
all_predictions = 
[2, 2, 2, 2, 2, 2, 2, 0, 0, 0, 0, 0, 2, 0, 2, 2, 2, 0, 2, 2, 0, 2, 2, 0, 2, 0, 2, 2, 2, 0, 2, 0, 2, 2, 2, 2, 0, 0, 0, 2, 0, 0, 2, 2, 2, 0, 2, 0, 0, 0, 2, 2, 2, 2, 0, 2, 2, 2, 0, 2, 0, 0, 2, 2, 2, 0, 0, 2, 2, 2, 2, 2, 0, 0, 2, 0, 2, 2, 2, 2, 2, 2, 2, 2, 2, 0, 0, 0, 2, 2, 2, 0, 2, 2, 2, 2, 0, 2, 0, 2]
all_targets = 
[2, 2, 2, 2, 2, 2, 2, 1, 0, 2, 0, 0, 2, 0, 2, 2, 2, 0, 2, 2, 2, 2, 2, 0, 0, 2, 2, 2, 2, 2, 2, 0, 2, 2, 2, 2, 0, 0, 0, 2, 2, 0, 2, 2, 2, 0, 2, 0, 0, 0, 2, 2, 2, 2, 0, 2, 2, 2, 0, 2, 2, 0, 2, 2, 2, 0, 0, 2, 2, 2, 0, 1, 2, 0, 2, 0, 2, 2, 2, 2, 2, 2, 2, 2, 2, 1, 0, 0, 2, 2, 2, 0, 2, 2, 2, 2, 2, 2, 0, 2]
