Epoch [1/1000], Loss: 0.7207
Epoch [2/1000], Loss: 0.6540
Epoch [3/1000], Loss: 0.5643
Epoch [4/1000], Loss: 0.5384
Epoch [5/1000], Loss: 0.4821
Epoch [6/1000], Loss: 0.4618
Epoch [7/1000], Loss: 0.4190
Epoch [8/1000], Loss: 0.3874
Epoch [9/1000], Loss: 0.3744
Epoch [10/1000], Loss: 0.4076
Epoch [11/1000], Loss: 0.3530
Epoch [12/1000], Loss: 0.3372
Epoch [13/1000], Loss: 0.3482
Epoch [14/1000], Loss: 0.2953
Epoch [15/1000], Loss: 0.3055
Epoch [16/1000], Loss: 0.3020
Epoch [17/1000], Loss: 0.2618
Epoch [18/1000], Loss: 0.2753
Early stopping triggered.
Test Accuracy: 0.8400
all_predictions = 
[2, 2, 2, 2, 2, 2, 2, 0, 0, 0, 0, 0, 2, 0, 2, 2, 2, 0, 2, 2, 0, 2, 2, 0, 0, 0, 2, 2, 2, 0, 0, 0, 2, 2, 2, 2, 0, 0, 2, 2, 0, 2, 2, 2, 2, 0, 2, 0, 0, 0, 2, 2, 2, 2, 0, 2, 2, 2, 0, 2, 0, 0, 2, 2, 2, 0, 0, 2, 2, 2, 0, 2, 0, 0, 2, 0, 2, 2, 2, 2, 2, 2, 2, 2, 2, 0, 0, 0, 2, 0, 2, 0, 2, 2, 2, 0, 0, 2, 0, 2]
all_targets = 
[2, 2, 2, 2, 2, 2, 2, 1, 0, 2, 0, 0, 2, 0, 2, 2, 2, 0, 2, 2, 2, 2, 2, 0, 0, 2, 2, 2, 2, 2, 2, 0, 2, 2, 2, 2, 0, 0, 0, 2, 2, 0, 2, 2, 2, 0, 2, 0, 0, 0, 2, 2, 2, 2, 0, 2, 2, 2, 0, 2, 2, 0, 2, 2, 2, 0, 0, 2, 2, 2, 0, 1, 2, 0, 2, 0, 2, 2, 2, 2, 2, 2, 2, 2, 2, 1, 0, 0, 2, 2, 2, 0, 2, 2, 2, 2, 2, 2, 0, 2]
