Epoch [1/1000], Loss: 0.9270
Epoch [2/1000], Loss: 0.7512
Epoch [3/1000], Loss: 0.6885
Epoch [4/1000], Loss: 0.6339
Epoch [5/1000], Loss: 0.5922
Epoch [6/1000], Loss: 0.5529
Epoch [7/1000], Loss: 0.5180
Epoch [8/1000], Loss: 0.4984
Epoch [9/1000], Loss: 0.4792
Epoch [10/1000], Loss: 0.4705
Epoch [11/1000], Loss: 0.4538
Epoch [12/1000], Loss: 0.4271
Epoch [13/1000], Loss: 0.4151
Epoch [14/1000], Loss: 0.4150
Epoch [15/1000], Loss: 0.4033
Epoch [16/1000], Loss: 0.3988
Epoch [17/1000], Loss: 0.3810
Epoch [18/1000], Loss: 0.3689
Epoch [19/1000], Loss: 0.3734
Epoch [20/1000], Loss: 0.3733
Epoch [21/1000], Loss: 0.3639
Epoch [22/1000], Loss: 0.3644
Epoch [23/1000], Loss: 0.3651
Epoch [24/1000], Loss: 0.3619
Epoch [25/1000], Loss: 0.3642
Epoch [26/1000], Loss: 0.3518
Epoch [27/1000], Loss: 0.3454
Epoch [28/1000], Loss: 0.3456
Epoch [29/1000], Loss: 0.3397
Epoch [30/1000], Loss: 0.3352
Epoch [31/1000], Loss: 0.3401
Epoch [32/1000], Loss: 0.3266
Epoch [33/1000], Loss: 0.3290
Early stopping triggered.
Test Accuracy: 0.8341
all_predictions = 
[0, 2, 2, 2, 0, 1, 1, 1, 1, 0, 1, 0, 2, 1, 2, 1, 0, 0, 1, 1, 1, 0, 2, 0, 2, 0, 2, 2, 1, 0, 0, 1, 0, 2, 1, 1, 2, 1, 0, 0, 1, 1, 2, 1, 2, 1, 0, 0, 1, 1, 2, 0, 1, 1, 0, 0, 0, 0, 1, 1, 2, 1, 0, 2, 1, 2, 0, 0, 2, 0, 0, 2, 1, 0, 1, 0, 0, 2, 0, 2, 2, 0, 1, 2, 2, 2, 1, 2, 2, 2, 2, 0, 2, 2, 2, 2, 1, 2, 2, 2, 2, 2, 1, 1, 1, 1, 2, 2, 2, 2, 1, 1, 2, 2, 2, 0, 2, 2, 2, 1, 0, 0, 1, 1, 1, 1, 0, 2, 1, 1, 1, 1, 1, 2, 1, 2, 2, 0, 2, 1, 2, 2, 1, 0, 1, 0, 2, 0, 2, 1, 1, 2, 0, 1, 1, 1, 1, 1, 1, 1, 1, 1, 1, 0, 0, 1, 1, 2, 0, 0, 1, 2, 2, 1, 1, 1, 1, 0, 1, 1, 0, 1, 2, 1, 0, 2, 1, 0, 2, 1, 2, 0, 1, 1, 0, 0, 2, 1, 1, 1, 0, 1, 2, 1, 2, 0, 0, 0, 1, 1, 0]
all_targets = 
[0, 2, 2, 2, 0, 1, 1, 1, 1, 0, 1, 0, 2, 2, 2, 1, 0, 0, 1, 1, 1, 0, 2, 0, 2, 0, 1, 2, 1, 0, 0, 1, 0, 2, 1, 1, 2, 0, 0, 0, 1, 1, 2, 1, 2, 2, 0, 0, 1, 1, 1, 0, 1, 2, 0, 0, 0, 0, 2, 1, 2, 1, 0, 1, 1, 2, 1, 0, 2, 0, 0, 1, 1, 0, 2, 0, 0, 2, 0, 2, 2, 0, 1, 1, 2, 2, 1, 2, 2, 0, 2, 0, 0, 2, 2, 2, 0, 2, 2, 2, 2, 2, 1, 1, 1, 1, 2, 2, 2, 2, 1, 1, 2, 2, 2, 0, 1, 2, 2, 1, 0, 1, 1, 1, 1, 1, 0, 2, 1, 1, 0, 1, 1, 1, 1, 1, 2, 0, 1, 1, 2, 2, 1, 0, 1, 1, 2, 1, 2, 1, 1, 2, 0, 2, 1, 1, 1, 1, 1, 1, 2, 2, 1, 1, 0, 2, 1, 2, 0, 0, 2, 2, 2, 1, 1, 1, 2, 0, 1, 1, 1, 0, 2, 1, 0, 2, 2, 0, 2, 0, 2, 0, 1, 1, 0, 0, 2, 1, 1, 1, 0, 1, 2, 1, 2, 0, 0, 0, 1, 2, 0]
