Epoch [1/1000], Loss: 0.6884
Epoch [2/1000], Loss: 0.5681
Epoch [3/1000], Loss: 0.4655
Epoch [4/1000], Loss: 0.4246
Epoch [5/1000], Loss: 0.3951
Epoch [6/1000], Loss: 0.3711
Epoch [7/1000], Loss: 0.3448
Epoch [8/1000], Loss: 0.3224
Epoch [9/1000], Loss: 0.3085
Epoch [10/1000], Loss: 0.2843
Epoch [11/1000], Loss: 0.2829
Epoch [12/1000], Loss: 0.2595
Epoch [13/1000], Loss: 0.2658
Epoch [14/1000], Loss: 0.2533
Epoch [15/1000], Loss: 0.2460
Epoch [16/1000], Loss: 0.2453
Epoch [17/1000], Loss: 0.2378
Epoch [18/1000], Loss: 0.2306
Epoch [19/1000], Loss: 0.2172
Epoch [20/1000], Loss: 0.2162
Epoch [21/1000], Loss: 0.2198
Epoch [22/1000], Loss: 0.2126
Epoch [23/1000], Loss: 0.1928
Epoch [24/1000], Loss: 0.1928
Early stopping triggered.
Test Accuracy: 0.8700
all_predictions = 
[2, 2, 2, 2, 2, 2, 2, 0, 0, 0, 0, 0, 2, 0, 2, 2, 2, 0, 2, 2, 2, 2, 2, 0, 2, 0, 2, 2, 2, 0, 2, 0, 2, 2, 2, 2, 0, 0, 0, 2, 0, 0, 2, 2, 2, 0, 2, 0, 0, 0, 2, 2, 2, 2, 0, 2, 2, 2, 0, 2, 0, 0, 2, 2, 2, 2, 0, 2, 2, 2, 2, 2, 0, 0, 2, 0, 2, 2, 2, 2, 2, 2, 2, 2, 2, 0, 0, 0, 2, 2, 2, 0, 2, 2, 2, 2, 0, 2, 0, 2]
all_targets = 
[2, 2, 2, 2, 2, 2, 2, 1, 0, 2, 0, 0, 2, 0, 2, 2, 2, 0, 2, 2, 2, 2, 2, 0, 0, 2, 2, 2, 2, 2, 2, 0, 2, 2, 2, 2, 0, 0, 0, 2, 2, 0, 2, 2, 2, 0, 2, 0, 0, 0, 2, 2, 2, 2, 0, 2, 2, 2, 0, 2, 2, 0, 2, 2, 2, 0, 0, 2, 2, 2, 0, 1, 2, 0, 2, 0, 2, 2, 2, 2, 2, 2, 2, 2, 2, 1, 0, 0, 2, 2, 2, 0, 2, 2, 2, 2, 2, 2, 0, 2]
