Epoch [1/1000], Loss: 0.7260
Epoch [2/1000], Loss: 0.6396
Epoch [3/1000], Loss: 0.5747
Epoch [4/1000], Loss: 0.5221
Epoch [5/1000], Loss: 0.4681
Epoch [6/1000], Loss: 0.4268
Epoch [7/1000], Loss: 0.3943
Epoch [8/1000], Loss: 0.3662
Epoch [9/1000], Loss: 0.3483
Epoch [10/1000], Loss: 0.3189
Epoch [11/1000], Loss: 0.2995
Epoch [12/1000], Loss: 0.2819
Epoch [13/1000], Loss: 0.2683
Epoch [14/1000], Loss: 0.2597
Epoch [15/1000], Loss: 0.2413
Epoch [16/1000], Loss: 0.2411
Epoch [17/1000], Loss: 0.2402
Epoch [18/1000], Loss: 0.2344
Epoch [19/1000], Loss: 0.2054
Epoch [20/1000], Loss: 0.2058
Early stopping triggered.
Test Accuracy: 0.8200
all_predictions = 
[2, 2, 2, 2, 2, 2, 2, 0, 0, 0, 0, 0, 2, 0, 2, 2, 2, 0, 2, 2, 2, 2, 2, 0, 2, 0, 2, 2, 2, 0, 0, 0, 2, 2, 2, 2, 0, 0, 2, 2, 0, 2, 2, 2, 2, 0, 2, 0, 0, 0, 2, 2, 2, 2, 0, 2, 2, 2, 0, 2, 0, 0, 2, 2, 2, 2, 0, 2, 2, 2, 0, 2, 0, 0, 2, 0, 2, 2, 2, 2, 2, 2, 2, 2, 2, 0, 0, 0, 2, 0, 2, 0, 2, 2, 2, 0, 0, 2, 2, 2]
all_targets = 
[2, 2, 2, 2, 2, 2, 2, 1, 0, 2, 0, 0, 2, 0, 2, 2, 2, 0, 2, 2, 2, 2, 2, 0, 0, 2, 2, 2, 2, 2, 2, 0, 2, 2, 2, 2, 0, 0, 0, 2, 2, 0, 2, 2, 2, 0, 2, 0, 0, 0, 2, 2, 2, 2, 0, 2, 2, 2, 0, 2, 2, 0, 2, 2, 2, 0, 0, 2, 2, 2, 0, 1, 2, 0, 2, 0, 2, 2, 2, 2, 2, 2, 2, 2, 2, 1, 0, 0, 2, 2, 2, 0, 2, 2, 2, 2, 2, 2, 0, 2]
