Epoch [1/1000], Loss: 1.1005
Epoch [2/1000], Loss: 0.9185
Epoch [3/1000], Loss: 0.8109
Epoch [4/1000], Loss: 0.7493
Epoch [5/1000], Loss: 0.6556
Epoch [6/1000], Loss: 0.5984
Epoch [7/1000], Loss: 0.5366
Epoch [8/1000], Loss: 0.5000
Epoch [9/1000], Loss: 0.4842
Epoch [10/1000], Loss: 0.4771
Epoch [11/1000], Loss: 0.4489
Epoch [12/1000], Loss: 0.4486
Epoch [13/1000], Loss: 0.4164
Epoch [14/1000], Loss: 0.4080
Epoch [15/1000], Loss: 0.3855
Epoch [16/1000], Loss: 0.3915
Epoch [17/1000], Loss: 0.3742
Epoch [18/1000], Loss: 0.3677
Epoch [19/1000], Loss: 0.3780
Epoch [20/1000], Loss: 0.3644
Epoch [21/1000], Loss: 0.3663
Epoch [22/1000], Loss: 0.3498
Early stopping triggered.
Test Accuracy: 0.8152
all_predictions = 
[0, 2, 2, 2, 0, 1, 1, 1, 1, 0, 1, 0, 2, 1, 1, 1, 0, 0, 1, 1, 1, 0, 2, 0, 2, 0, 2, 2, 1, 1, 0, 1, 0, 2, 1, 1, 2, 1, 0, 0, 1, 1, 2, 0, 2, 2, 0, 0, 1, 1, 2, 0, 1, 1, 0, 0, 0, 0, 1, 1, 2, 1, 0, 2, 1, 2, 1, 0, 2, 0, 0, 2, 1, 0, 1, 0, 0, 2, 0, 2, 2, 0, 1, 2, 2, 1, 1, 2, 2, 0, 2, 0, 2, 2, 2, 2, 1, 2, 2, 2, 2, 2, 1, 0, 1, 1, 2, 2, 2, 2, 1, 1, 2, 2, 2, 0, 2, 2, 2, 1, 1, 1, 1, 1, 1, 1, 0, 2, 1, 1, 1, 1, 1, 2, 1, 2, 2, 0, 2, 1, 2, 2, 1, 0, 1, 1, 2, 2, 2, 1, 1, 2, 0, 2, 1, 1, 1, 1, 1, 1, 1, 1, 1, 0, 0, 1, 1, 2, 0, 0, 2, 2, 2, 1, 0, 1, 1, 0, 1, 1, 1, 1, 2, 1, 0, 2, 1, 0, 2, 1, 2, 1, 0, 0, 0, 0, 2, 2, 1, 1, 0, 2, 2, 1, 2, 0, 0, 0, 1, 1, 0]
all_targets = 
[0, 2, 2, 2, 0, 1, 1, 1, 1, 0, 1, 0, 2, 2, 2, 1, 0, 0, 1, 1, 1, 0, 2, 0, 2, 0, 1, 2, 1, 0, 0, 1, 0, 2, 1, 1, 2, 0, 0, 0, 1, 1, 2, 1, 2, 2, 0, 0, 1, 1, 1, 0, 1, 2, 0, 0, 0, 0, 2, 1, 2, 1, 0, 1, 1, 2, 1, 0, 2, 0, 0, 1, 1, 0, 2, 0, 0, 2, 0, 2, 2, 0, 1, 1, 2, 2, 1, 2, 2, 0, 2, 0, 0, 2, 2, 2, 0, 2, 2, 2, 2, 2, 1, 1, 1, 1, 2, 2, 2, 2, 1, 1, 2, 2, 2, 0, 1, 2, 2, 1, 0, 1, 1, 1, 1, 1, 0, 2, 1, 1, 0, 1, 1, 1, 1, 1, 2, 0, 1, 1, 2, 2, 1, 0, 1, 1, 2, 1, 2, 1, 1, 2, 0, 2, 1, 1, 1, 1, 1, 1, 2, 2, 1, 1, 0, 2, 1, 2, 0, 0, 2, 2, 2, 1, 1, 1, 2, 0, 1, 1, 1, 0, 2, 1, 0, 2, 2, 0, 2, 0, 2, 0, 1, 1, 0, 0, 2, 1, 1, 1, 0, 1, 2, 1, 2, 0, 0, 0, 1, 2, 0]
