Epoch [1/1000], Loss: 0.7158
Epoch [2/1000], Loss: 0.6174
Epoch [3/1000], Loss: 0.5379
Epoch [4/1000], Loss: 0.4855
Epoch [5/1000], Loss: 0.4782
Epoch [6/1000], Loss: 0.4507
Epoch [7/1000], Loss: 0.4084
Epoch [8/1000], Loss: 0.4044
Epoch [9/1000], Loss: 0.3887
Epoch [10/1000], Loss: 0.3578
Epoch [11/1000], Loss: 0.3416
Epoch [12/1000], Loss: 0.3128
Epoch [13/1000], Loss: 0.3001
Epoch [14/1000], Loss: 0.3065
Epoch [15/1000], Loss: 0.3027
Epoch [16/1000], Loss: 0.2710
Early stopping triggered.
Test Accuracy: 0.8800
all_predictions = 
[2, 2, 2, 2, 2, 2, 2, 0, 0, 0, 0, 0, 2, 0, 2, 2, 2, 0, 2, 2, 2, 2, 2, 0, 2, 2, 2, 2, 2, 2, 2, 0, 2, 2, 2, 2, 2, 0, 2, 2, 2, 0, 2, 2, 2, 0, 2, 0, 0, 0, 2, 2, 2, 2, 2, 2, 2, 2, 0, 2, 2, 0, 2, 2, 2, 0, 0, 2, 2, 2, 2, 2, 0, 0, 2, 0, 2, 2, 2, 2, 2, 2, 2, 2, 2, 2, 0, 0, 2, 2, 2, 0, 2, 2, 2, 2, 0, 2, 2, 2]
all_targets = 
[2, 2, 2, 2, 2, 2, 2, 1, 0, 2, 0, 0, 2, 0, 2, 2, 2, 0, 2, 2, 2, 2, 2, 0, 0, 2, 2, 2, 2, 2, 2, 0, 2, 2, 2, 2, 0, 0, 0, 2, 2, 0, 2, 2, 2, 0, 2, 0, 0, 0, 2, 2, 2, 2, 0, 2, 2, 2, 0, 2, 2, 0, 2, 2, 2, 0, 0, 2, 2, 2, 0, 1, 2, 0, 2, 0, 2, 2, 2, 2, 2, 2, 2, 2, 2, 1, 0, 0, 2, 2, 2, 0, 2, 2, 2, 2, 2, 2, 0, 2]
