Epoch [1/1000], Loss: 0.6834
Epoch [2/1000], Loss: 0.5791
Epoch [3/1000], Loss: 0.5196
Epoch [4/1000], Loss: 0.4851
Epoch [5/1000], Loss: 0.4661
Epoch [6/1000], Loss: 0.4219
Epoch [7/1000], Loss: 0.4064
Epoch [8/1000], Loss: 0.3660
Epoch [9/1000], Loss: 0.3494
Epoch [10/1000], Loss: 0.3145
Epoch [11/1000], Loss: 0.3647
Epoch [12/1000], Loss: 0.3487
Epoch [13/1000], Loss: 0.3174
Epoch [14/1000], Loss: 0.2896
Epoch [15/1000], Loss: 0.2543
Epoch [16/1000], Loss: 0.2474
Epoch [17/1000], Loss: 0.2492
Early stopping triggered.
Test Accuracy: 0.8400
all_predictions = 
[2, 2, 2, 2, 2, 2, 2, 0, 0, 0, 0, 0, 2, 0, 2, 2, 2, 0, 2, 2, 0, 2, 2, 0, 2, 0, 2, 2, 2, 0, 0, 0, 2, 2, 2, 2, 0, 0, 0, 0, 0, 0, 2, 2, 2, 0, 2, 0, 0, 0, 2, 2, 2, 2, 0, 2, 2, 2, 0, 2, 0, 0, 2, 2, 2, 0, 0, 2, 2, 2, 2, 2, 0, 0, 2, 0, 2, 2, 2, 2, 2, 2, 2, 2, 2, 0, 0, 0, 2, 2, 2, 0, 2, 2, 0, 2, 0, 2, 0, 2]
all_targets = 
[2, 2, 2, 2, 2, 2, 2, 1, 0, 2, 0, 0, 2, 0, 2, 2, 2, 0, 2, 2, 2, 2, 2, 0, 0, 2, 2, 2, 2, 2, 2, 0, 2, 2, 2, 2, 0, 0, 0, 2, 2, 0, 2, 2, 2, 0, 2, 0, 0, 0, 2, 2, 2, 2, 0, 2, 2, 2, 0, 2, 2, 0, 2, 2, 2, 0, 0, 2, 2, 2, 0, 1, 2, 0, 2, 0, 2, 2, 2, 2, 2, 2, 2, 2, 2, 1, 0, 0, 2, 2, 2, 0, 2, 2, 2, 2, 2, 2, 0, 2]
