Epoch [1/1000], Loss: 0.7161
Epoch [2/1000], Loss: 0.5775
Epoch [3/1000], Loss: 0.5150
Epoch [4/1000], Loss: 0.4721
Epoch [5/1000], Loss: 0.4452
Epoch [6/1000], Loss: 0.4243
Epoch [7/1000], Loss: 0.4158
Epoch [8/1000], Loss: 0.3931
Epoch [9/1000], Loss: 0.3793
Epoch [10/1000], Loss: 0.3614
Epoch [11/1000], Loss: 0.3542
Epoch [12/1000], Loss: 0.3401
Epoch [13/1000], Loss: 0.3191
Epoch [14/1000], Loss: 0.3240
Early stopping triggered.
Test Accuracy: 0.8100
all_predictions = 
[2, 2, 2, 2, 2, 2, 2, 0, 0, 0, 0, 0, 2, 0, 2, 2, 2, 0, 2, 2, 2, 2, 2, 0, 2, 0, 2, 2, 2, 2, 0, 0, 2, 2, 2, 2, 0, 0, 2, 2, 0, 2, 2, 2, 2, 0, 2, 0, 0, 0, 2, 2, 2, 2, 2, 2, 2, 2, 0, 2, 0, 0, 2, 2, 2, 2, 0, 2, 2, 2, 2, 2, 0, 0, 2, 2, 2, 2, 2, 2, 2, 2, 2, 2, 2, 2, 0, 0, 2, 2, 2, 2, 2, 2, 2, 2, 0, 2, 2, 2]
all_targets = 
[2, 2, 2, 2, 2, 2, 2, 1, 0, 2, 0, 0, 2, 0, 2, 2, 2, 0, 2, 2, 2, 2, 2, 0, 0, 2, 2, 2, 2, 2, 2, 0, 2, 2, 2, 2, 0, 0, 0, 2, 2, 0, 2, 2, 2, 0, 2, 0, 0, 0, 2, 2, 2, 2, 0, 2, 2, 2, 0, 2, 2, 0, 2, 2, 2, 0, 0, 2, 2, 2, 0, 1, 2, 0, 2, 0, 2, 2, 2, 2, 2, 2, 2, 2, 2, 1, 0, 0, 2, 2, 2, 0, 2, 2, 2, 2, 2, 2, 0, 2]
