Epoch [1/1000], Loss: 0.7881
Epoch [2/1000], Loss: 0.7019
Epoch [3/1000], Loss: 0.6218
Epoch [4/1000], Loss: 0.5412
Epoch [5/1000], Loss: 0.4824
Epoch [6/1000], Loss: 0.4465
Epoch [7/1000], Loss: 0.4272
Epoch [8/1000], Loss: 0.4088
Epoch [9/1000], Loss: 0.4042
Epoch [10/1000], Loss: 0.3967
Epoch [11/1000], Loss: 0.3728
Epoch [12/1000], Loss: 0.3653
Epoch [13/1000], Loss: 0.3556
Epoch [14/1000], Loss: 0.3384
Epoch [15/1000], Loss: 0.3312
Epoch [16/1000], Loss: 0.3311
Epoch [17/1000], Loss: 0.3161
Epoch [18/1000], Loss: 0.3078
Epoch [19/1000], Loss: 0.3072
Epoch [20/1000], Loss: 0.3001
Early stopping triggered.
Test Accuracy: 0.8400
all_predictions = 
[2, 2, 2, 2, 2, 2, 2, 0, 0, 0, 0, 0, 2, 0, 2, 2, 2, 0, 2, 2, 0, 2, 2, 0, 2, 0, 2, 2, 2, 0, 0, 0, 2, 2, 2, 2, 0, 0, 0, 0, 0, 0, 2, 2, 2, 0, 2, 0, 0, 0, 2, 2, 2, 2, 0, 2, 2, 2, 0, 2, 0, 0, 2, 2, 2, 0, 0, 2, 2, 2, 2, 2, 0, 0, 2, 0, 2, 2, 2, 2, 2, 2, 2, 2, 2, 2, 0, 0, 2, 2, 2, 0, 2, 2, 0, 2, 0, 2, 0, 2]
all_targets = 
[2, 2, 2, 2, 2, 2, 2, 1, 0, 2, 0, 0, 2, 0, 2, 2, 2, 0, 2, 2, 2, 2, 2, 0, 0, 2, 2, 2, 2, 2, 2, 0, 2, 2, 2, 2, 0, 0, 0, 2, 2, 0, 2, 2, 2, 0, 2, 0, 0, 0, 2, 2, 2, 2, 0, 2, 2, 2, 0, 2, 2, 0, 2, 2, 2, 0, 0, 2, 2, 2, 0, 1, 2, 0, 2, 0, 2, 2, 2, 2, 2, 2, 2, 2, 2, 1, 0, 0, 2, 2, 2, 0, 2, 2, 2, 2, 2, 2, 0, 2]
