Epoch [1/1000], Loss: 1.0980
Epoch [2/1000], Loss: 0.8855
Epoch [3/1000], Loss: 0.6924
Epoch [4/1000], Loss: 0.6234
Epoch [5/1000], Loss: 0.5689
Epoch [6/1000], Loss: 0.5265
Epoch [7/1000], Loss: 0.4927
Epoch [8/1000], Loss: 0.4664
Epoch [9/1000], Loss: 0.4552
Epoch [10/1000], Loss: 0.4351
Epoch [11/1000], Loss: 0.4190
Epoch [12/1000], Loss: 0.4199
Epoch [13/1000], Loss: 0.4017
Epoch [14/1000], Loss: 0.4030
Epoch [15/1000], Loss: 0.3857
Epoch [16/1000], Loss: 0.3874
Epoch [17/1000], Loss: 0.3670
Epoch [18/1000], Loss: 0.3595
Epoch [19/1000], Loss: 0.3549
Epoch [20/1000], Loss: 0.3532
Epoch [21/1000], Loss: 0.3429
Epoch [22/1000], Loss: 0.3455
Epoch [23/1000], Loss: 0.3332
Epoch [24/1000], Loss: 0.3138
Epoch [25/1000], Loss: 0.3329
Epoch [26/1000], Loss: 0.3251
Epoch [27/1000], Loss: 0.3246
Epoch [28/1000], Loss: 0.3161
Epoch [29/1000], Loss: 0.3063
Epoch [30/1000], Loss: 0.3033
Epoch [31/1000], Loss: 0.3110
Epoch [32/1000], Loss: 0.2998
Epoch [33/1000], Loss: 0.3001
Epoch [34/1000], Loss: 0.2933
Epoch [35/1000], Loss: 0.2989
Epoch [36/1000], Loss: 0.2989
Epoch [37/1000], Loss: 0.2898
Early stopping triggered.
Test Accuracy: 0.8436
all_predictions = 
[0, 2, 2, 2, 0, 1, 1, 1, 1, 0, 1, 0, 0, 2, 1, 1, 0, 0, 1, 1, 1, 0, 2, 0, 2, 0, 2, 2, 1, 0, 0, 1, 0, 2, 1, 1, 2, 1, 0, 0, 1, 1, 2, 0, 2, 2, 0, 0, 1, 1, 2, 0, 1, 1, 0, 0, 0, 0, 2, 1, 2, 1, 0, 2, 1, 2, 0, 0, 2, 0, 0, 2, 1, 0, 1, 0, 0, 2, 0, 2, 2, 0, 1, 2, 2, 1, 1, 2, 2, 0, 2, 0, 2, 2, 2, 2, 0, 2, 2, 2, 2, 2, 1, 1, 1, 1, 2, 2, 2, 2, 0, 1, 2, 2, 2, 0, 2, 2, 2, 1, 0, 0, 1, 1, 1, 1, 0, 2, 1, 1, 1, 1, 1, 2, 1, 2, 2, 0, 2, 1, 2, 2, 1, 0, 1, 0, 2, 1, 2, 1, 1, 2, 0, 1, 0, 1, 1, 1, 1, 1, 1, 1, 1, 0, 0, 1, 1, 2, 0, 0, 2, 2, 2, 1, 0, 1, 1, 0, 1, 1, 0, 0, 2, 1, 0, 2, 1, 0, 2, 0, 2, 0, 1, 1, 0, 0, 2, 1, 1, 1, 0, 1, 2, 1, 2, 0, 0, 0, 1, 1, 0]
all_targets = 
[0, 2, 2, 2, 0, 1, 1, 1, 1, 0, 1, 0, 2, 2, 2, 1, 0, 0, 1, 1, 1, 0, 2, 0, 2, 0, 1, 2, 1, 0, 0, 1, 0, 2, 1, 1, 2, 0, 0, 0, 1, 1, 2, 1, 2, 2, 0, 0, 1, 1, 1, 0, 1, 2, 0, 0, 0, 0, 2, 1, 2, 1, 0, 1, 1, 2, 1, 0, 2, 0, 0, 1, 1, 0, 2, 0, 0, 2, 0, 2, 2, 0, 1, 1, 2, 2, 1, 2, 2, 0, 2, 0, 0, 2, 2, 2, 0, 2, 2, 2, 2, 2, 1, 1, 1, 1, 2, 2, 2, 2, 1, 1, 2, 2, 2, 0, 1, 2, 2, 1, 0, 1, 1, 1, 1, 1, 0, 2, 1, 1, 0, 1, 1, 1, 1, 1, 2, 0, 1, 1, 2, 2, 1, 0, 1, 1, 2, 1, 2, 1, 1, 2, 0, 2, 1, 1, 1, 1, 1, 1, 2, 2, 1, 1, 0, 2, 1, 2, 0, 0, 2, 2, 2, 1, 1, 1, 2, 0, 1, 1, 1, 0, 2, 1, 0, 2, 2, 0, 2, 0, 2, 0, 1, 1, 0, 0, 2, 1, 1, 1, 0, 1, 2, 1, 2, 0, 0, 0, 1, 2, 0]
