Epoch [1/1000], Loss: 0.7560
Epoch [2/1000], Loss: 0.6816
Epoch [3/1000], Loss: 0.6573
Epoch [4/1000], Loss: 0.5797
Epoch [5/1000], Loss: 0.5113
Epoch [6/1000], Loss: 0.4760
Epoch [7/1000], Loss: 0.4544
Epoch [8/1000], Loss: 0.4192
Epoch [9/1000], Loss: 0.3777
Epoch [10/1000], Loss: 0.3476
Epoch [11/1000], Loss: 0.3187
Epoch [12/1000], Loss: 0.3192
Epoch [13/1000], Loss: 0.3210
Epoch [14/1000], Loss: 0.3056
Epoch [15/1000], Loss: 0.2782
Epoch [16/1000], Loss: 0.2681
Early stopping triggered.
Test Accuracy: 0.8500
all_predictions = 
[2, 2, 2, 2, 2, 2, 2, 0, 0, 0, 0, 0, 2, 0, 2, 2, 2, 0, 2, 2, 0, 2, 2, 0, 0, 0, 2, 2, 2, 0, 0, 0, 2, 2, 2, 2, 0, 0, 0, 2, 0, 0, 2, 2, 2, 0, 2, 0, 0, 0, 2, 2, 2, 2, 0, 2, 2, 2, 0, 2, 0, 0, 2, 2, 2, 0, 0, 2, 2, 2, 0, 2, 0, 0, 2, 0, 2, 2, 2, 2, 2, 2, 2, 2, 2, 0, 0, 0, 2, 0, 2, 0, 2, 2, 0, 0, 0, 2, 0, 2]
all_targets = 
[2, 2, 2, 2, 2, 2, 2, 1, 0, 2, 0, 0, 2, 0, 2, 2, 2, 0, 2, 2, 2, 2, 2, 0, 0, 2, 2, 2, 2, 2, 2, 0, 2, 2, 2, 2, 0, 0, 0, 2, 2, 0, 2, 2, 2, 0, 2, 0, 0, 0, 2, 2, 2, 2, 0, 2, 2, 2, 0, 2, 2, 0, 2, 2, 2, 0, 0, 2, 2, 2, 0, 1, 2, 0, 2, 0, 2, 2, 2, 2, 2, 2, 2, 2, 2, 1, 0, 0, 2, 2, 2, 0, 2, 2, 2, 2, 2, 2, 0, 2]
