Epoch [1/1000], Loss: 0.6863
Epoch [2/1000], Loss: 0.6114
Epoch [3/1000], Loss: 0.5260
Epoch [4/1000], Loss: 0.4868
Epoch [5/1000], Loss: 0.4596
Epoch [6/1000], Loss: 0.4284
Epoch [7/1000], Loss: 0.3963
Epoch [8/1000], Loss: 0.3707
Epoch [9/1000], Loss: 0.3681
Epoch [10/1000], Loss: 0.3447
Epoch [11/1000], Loss: 0.3329
Epoch [12/1000], Loss: 0.3193
Epoch [13/1000], Loss: 0.3131
Epoch [14/1000], Loss: 0.3112
Epoch [15/1000], Loss: 0.2999
Epoch [16/1000], Loss: 0.3023
Epoch [17/1000], Loss: 0.2845
Epoch [18/1000], Loss: 0.2786
Epoch [19/1000], Loss: 0.2727
Epoch [20/1000], Loss: 0.2650
Epoch [21/1000], Loss: 0.2631
Early stopping triggered.
Test Accuracy: 0.8600
all_predictions = 
[2, 2, 2, 2, 2, 2, 2, 0, 0, 0, 0, 0, 2, 0, 2, 2, 2, 0, 2, 2, 2, 2, 2, 0, 0, 0, 2, 2, 2, 0, 0, 0, 2, 2, 2, 2, 0, 0, 0, 0, 0, 0, 2, 2, 2, 0, 2, 0, 0, 0, 2, 2, 2, 2, 0, 2, 2, 2, 0, 2, 0, 0, 2, 2, 2, 0, 0, 2, 2, 2, 2, 2, 0, 0, 2, 0, 2, 2, 2, 2, 2, 2, 2, 2, 2, 0, 0, 0, 2, 2, 2, 0, 2, 2, 0, 2, 0, 2, 0, 2]
all_targets = 
[2, 2, 2, 2, 2, 2, 2, 1, 0, 2, 0, 0, 2, 0, 2, 2, 2, 0, 2, 2, 2, 2, 2, 0, 0, 2, 2, 2, 2, 2, 2, 0, 2, 2, 2, 2, 0, 0, 0, 2, 2, 0, 2, 2, 2, 0, 2, 0, 0, 0, 2, 2, 2, 2, 0, 2, 2, 2, 0, 2, 2, 0, 2, 2, 2, 0, 0, 2, 2, 2, 0, 1, 2, 0, 2, 0, 2, 2, 2, 2, 2, 2, 2, 2, 2, 1, 0, 0, 2, 2, 2, 0, 2, 2, 2, 2, 2, 2, 0, 2]
