Epoch [1/1000], Loss: 0.6777
Epoch [2/1000], Loss: 0.5206
Epoch [3/1000], Loss: 0.4778
Epoch [4/1000], Loss: 0.4324
Epoch [5/1000], Loss: 0.4061
Epoch [6/1000], Loss: 0.3805
Epoch [7/1000], Loss: 0.3772
Epoch [8/1000], Loss: 0.3449
Epoch [9/1000], Loss: 0.3375
Epoch [10/1000], Loss: 0.3109
Epoch [11/1000], Loss: 0.3035
Epoch [12/1000], Loss: 0.2861
Epoch [13/1000], Loss: 0.2662
Epoch [14/1000], Loss: 0.2527
Epoch [15/1000], Loss: 0.2410
Early stopping triggered.
Test Accuracy: 0.8100
all_predictions = 
[2, 2, 2, 2, 2, 2, 2, 0, 0, 0, 0, 0, 2, 0, 2, 2, 2, 0, 2, 2, 0, 2, 2, 0, 2, 0, 2, 2, 2, 0, 0, 0, 2, 2, 2, 2, 0, 0, 0, 0, 0, 0, 2, 2, 2, 0, 2, 0, 0, 0, 2, 2, 2, 2, 2, 2, 2, 2, 0, 2, 0, 0, 2, 2, 2, 0, 0, 2, 2, 2, 2, 2, 0, 0, 2, 0, 2, 2, 2, 2, 2, 2, 2, 2, 2, 2, 0, 0, 2, 0, 2, 2, 2, 2, 2, 0, 0, 2, 0, 2]
all_targets = 
[2, 2, 2, 2, 2, 2, 2, 1, 0, 2, 0, 0, 2, 0, 2, 2, 2, 0, 2, 2, 2, 2, 2, 0, 0, 2, 2, 2, 2, 2, 2, 0, 2, 2, 2, 2, 0, 0, 0, 2, 2, 0, 2, 2, 2, 0, 2, 0, 0, 0, 2, 2, 2, 2, 0, 2, 2, 2, 0, 2, 2, 0, 2, 2, 2, 0, 0, 2, 2, 2, 0, 1, 2, 0, 2, 0, 2, 2, 2, 2, 2, 2, 2, 2, 2, 1, 0, 0, 2, 2, 2, 0, 2, 2, 2, 2, 2, 2, 0, 2]
