Epoch [1/1000], Loss: 0.6984
Epoch [2/1000], Loss: 0.6459
Epoch [3/1000], Loss: 0.6176
Epoch [4/1000], Loss: 0.6183
Epoch [5/1000], Loss: 0.6045
Epoch [6/1000], Loss: 0.5970
Epoch [7/1000], Loss: 0.5969
Epoch [8/1000], Loss: 0.5934
Epoch [9/1000], Loss: 0.5916
Epoch [10/1000], Loss: 0.5944
Epoch [11/1000], Loss: 0.5873
Epoch [12/1000], Loss: 0.5858
Epoch [13/1000], Loss: 0.5741
Epoch [14/1000], Loss: 0.5718
Epoch [15/1000], Loss: 0.5824
Epoch [16/1000], Loss: 0.5659
Epoch [17/1000], Loss: 0.5699
Epoch [18/1000], Loss: 0.5675
Epoch [19/1000], Loss: 0.5701
Epoch [20/1000], Loss: 0.5539
Epoch [21/1000], Loss: 0.5519
Epoch [22/1000], Loss: 0.5425
Early stopping triggered.
Test Accuracy: 0.7547
all_predictions = 
[2, 2, 2, 2, 2, 2, 2, 2, 2, 2, 0, 2, 2, 2, 2, 2, 2, 2, 2, 2, 2, 2, 2, 2, 2, 2, 0, 2, 2, 2, 2, 2, 2, 2, 0, 2, 2, 2, 0, 0, 2, 2, 2, 2, 2, 2, 2, 0, 2, 2, 0, 2, 0, 2, 2, 2, 0, 0, 2, 2, 2, 2, 0, 2, 0, 2, 0, 2, 0, 2, 0, 2, 2, 2, 2, 2, 2, 2, 2, 0, 2, 0, 2, 0, 2, 2, 0, 2, 2, 2, 2, 2, 2, 0, 0, 2, 2, 2, 2, 2, 0, 2, 2, 0, 0, 2]
all_targets = 
[2, 0, 2, 2, 2, 2, 0, 2, 0, 2, 0, 2, 2, 2, 2, 2, 2, 2, 2, 2, 2, 2, 2, 2, 2, 2, 2, 2, 0, 2, 2, 2, 2, 2, 0, 2, 0, 2, 2, 2, 2, 2, 2, 0, 0, 2, 2, 0, 2, 2, 0, 2, 0, 2, 2, 2, 0, 0, 1, 2, 2, 2, 2, 2, 2, 2, 2, 0, 2, 2, 0, 2, 2, 2, 0, 2, 2, 2, 1, 2, 2, 2, 2, 0, 2, 2, 0, 0, 2, 2, 2, 2, 2, 0, 0, 0, 0, 2, 2, 0, 0, 2, 0, 0, 0, 0]
