Epoch [1/1000], Loss: 0.7237
Epoch [2/1000], Loss: 0.6905
Epoch [3/1000], Loss: 0.6664
Epoch [4/1000], Loss: 0.6393
Epoch [5/1000], Loss: 0.6298
Epoch [6/1000], Loss: 0.6216
Epoch [7/1000], Loss: 0.6148
Epoch [8/1000], Loss: 0.6097
Epoch [9/1000], Loss: 0.6041
Epoch [10/1000], Loss: 0.6042
Epoch [11/1000], Loss: 0.5922
Epoch [12/1000], Loss: 0.5894
Epoch [13/1000], Loss: 0.5836
Epoch [14/1000], Loss: 0.5794
Early stopping triggered.
Test Accuracy: 0.7736
all_predictions = 
[2, 2, 2, 2, 2, 2, 0, 2, 2, 2, 0, 2, 2, 2, 2, 2, 2, 2, 2, 2, 2, 2, 2, 2, 2, 2, 0, 2, 2, 2, 2, 2, 2, 2, 0, 2, 2, 2, 2, 2, 2, 2, 2, 2, 2, 2, 2, 2, 2, 2, 0, 2, 0, 2, 2, 2, 0, 0, 2, 2, 2, 2, 0, 2, 2, 2, 2, 2, 0, 2, 0, 2, 2, 2, 2, 2, 2, 2, 2, 0, 2, 0, 2, 0, 2, 2, 0, 2, 2, 0, 2, 2, 2, 0, 2, 2, 2, 2, 2, 2, 0, 2, 2, 0, 0, 2]
all_targets = 
[2, 0, 2, 2, 2, 2, 0, 2, 0, 2, 0, 2, 2, 2, 2, 2, 2, 2, 2, 2, 2, 2, 2, 2, 2, 2, 2, 2, 0, 2, 2, 2, 2, 2, 0, 2, 0, 2, 2, 2, 2, 2, 2, 0, 0, 2, 2, 0, 2, 2, 0, 2, 0, 2, 2, 2, 0, 0, 1, 2, 2, 2, 2, 2, 2, 2, 2, 0, 2, 2, 0, 2, 2, 2, 0, 2, 2, 2, 1, 2, 2, 2, 2, 0, 2, 2, 0, 0, 2, 2, 2, 2, 2, 0, 0, 0, 0, 2, 2, 0, 0, 2, 0, 0, 0, 0]
