Epoch [1/1000], Loss: 0.7000
Epoch [2/1000], Loss: 0.6827
Epoch [3/1000], Loss: 0.6564
Epoch [4/1000], Loss: 0.6325
Epoch [5/1000], Loss: 0.6193
Epoch [6/1000], Loss: 0.6053
Epoch [7/1000], Loss: 0.5951
Epoch [8/1000], Loss: 0.5909
Early stopping triggered.
Test Accuracy: 0.6415
all_predictions = 
[2, 2, 2, 0, 2, 2, 0, 2, 2, 2, 0, 2, 0, 2, 2, 0, 0, 0, 2, 2, 0, 2, 2, 0, 2, 2, 0, 2, 2, 2, 2, 2, 2, 2, 0, 2, 2, 2, 0, 0, 2, 0, 2, 2, 2, 2, 2, 0, 0, 2, 0, 2, 0, 0, 2, 2, 0, 0, 2, 0, 2, 2, 0, 2, 0, 2, 0, 2, 0, 2, 0, 2, 2, 2, 2, 2, 2, 2, 2, 0, 2, 0, 2, 0, 2, 2, 0, 2, 2, 0, 2, 2, 2, 0, 2, 2, 2, 2, 2, 2, 0, 2, 2, 0, 0, 2]
all_targets = 
[2, 0, 2, 2, 2, 2, 0, 2, 0, 2, 0, 2, 2, 2, 2, 2, 2, 2, 2, 2, 2, 2, 2, 2, 2, 2, 2, 2, 0, 2, 2, 2, 2, 2, 0, 2, 0, 2, 2, 2, 2, 2, 2, 0, 0, 2, 2, 0, 2, 2, 0, 2, 0, 2, 2, 2, 0, 0, 1, 2, 2, 2, 2, 2, 2, 2, 2, 0, 2, 2, 0, 2, 2, 2, 0, 2, 2, 2, 1, 2, 2, 2, 2, 0, 2, 2, 0, 0, 2, 2, 2, 2, 2, 0, 0, 0, 0, 2, 2, 0, 0, 2, 0, 0, 0, 0]
