Epoch [1/1000], Loss: 0.8010
Epoch [2/1000], Loss: 0.7157
Epoch [3/1000], Loss: 0.7077
Epoch [4/1000], Loss: 0.6904
Epoch [5/1000], Loss: 0.6546
Epoch [6/1000], Loss: 0.6442
Epoch [7/1000], Loss: 0.6363
Epoch [8/1000], Loss: 0.6306
Epoch [9/1000], Loss: 0.6046
Early stopping triggered.
Test Accuracy: 0.6861
all_predictions = 
[2, 2, 2, 2, 2, 2, 2, 2, 0, 2, 0, 2, 0, 0, 0, 2, 2, 2, 2, 2, 0, 2, 0, 2, 2, 0, 2, 2, 2, 2, 0, 2, 2, 2, 0, 2, 2, 2, 2, 0, 2, 2, 2, 0, 2, 0, 2, 0, 2, 0, 2, 2, 2, 2, 2, 2, 2, 2, 2, 2, 2, 2, 2, 0, 2, 2, 2, 0, 2, 2, 2, 2, 2, 0, 2, 2, 2, 2, 2, 0, 0, 0, 2, 2, 2, 2, 2, 2, 2, 2, 0, 0, 2, 2, 0, 0, 0, 2, 0, 2, 2, 0, 2, 2, 2, 2, 2, 2, 0, 0, 0, 0, 2, 2, 2, 0, 2, 2, 2, 2, 0, 2, 2, 2, 2, 2, 0, 2, 0, 2, 0, 2, 2, 2, 2, 2, 2, 2, 2, 2, 2, 2, 0, 0, 2, 0, 2, 2, 2, 0, 2, 0, 2, 2, 0, 2, 2, 2, 2, 0, 0, 2, 0, 2, 2, 2, 2, 2, 2, 2, 0, 2, 0, 0, 2, 2, 2, 2, 0, 0, 0, 2, 2, 2, 2, 2, 2, 0, 2, 0, 2, 2, 2, 2, 2, 2, 2, 0, 0, 2, 2, 0, 2, 2, 2, 2, 2, 2, 2, 2, 2, 2, 2, 2, 0, 2, 2, 0, 2, 2, 2, 2, 2]
all_targets = 
[2, 2, 0, 2, 2, 0, 2, 2, 0, 2, 2, 2, 2, 2, 0, 2, 2, 2, 2, 0, 0, 2, 0, 0, 0, 0, 2, 2, 2, 0, 2, 2, 2, 0, 2, 2, 2, 2, 2, 2, 2, 0, 0, 0, 2, 2, 2, 2, 2, 2, 2, 2, 2, 2, 2, 2, 2, 2, 2, 2, 2, 2, 2, 0, 2, 0, 2, 0, 2, 2, 0, 2, 2, 2, 0, 2, 2, 2, 2, 2, 2, 0, 2, 2, 2, 2, 2, 2, 0, 0, 0, 0, 2, 2, 2, 0, 0, 2, 0, 2, 0, 2, 1, 2, 2, 2, 2, 2, 2, 0, 0, 2, 0, 0, 2, 2, 2, 2, 0, 2, 2, 2, 2, 2, 2, 0, 0, 2, 0, 2, 0, 2, 0, 2, 0, 2, 0, 2, 2, 2, 2, 0, 0, 0, 0, 2, 0, 2, 2, 2, 2, 0, 2, 2, 2, 2, 0, 1, 0, 0, 2, 2, 2, 0, 2, 2, 2, 0, 0, 2, 0, 2, 0, 1, 0, 2, 2, 2, 0, 0, 2, 1, 2, 2, 2, 2, 2, 0, 1, 0, 0, 0, 2, 2, 2, 1, 2, 0, 0, 0, 2, 0, 2, 2, 2, 2, 1, 2, 2, 2, 2, 2, 2, 0, 2, 2, 2, 2, 2, 2, 0, 0, 2]
