Epoch [1/1000], Loss: 0.8011
Epoch [2/1000], Loss: 0.6973
Epoch [3/1000], Loss: 0.6779
Epoch [4/1000], Loss: 0.6555
Epoch [5/1000], Loss: 0.6357
Epoch [6/1000], Loss: 0.6200
Epoch [7/1000], Loss: 0.6141
Epoch [8/1000], Loss: 0.6152
Epoch [9/1000], Loss: 0.5953
Early stopping triggered.
Test Accuracy: 0.6792
all_predictions = 
[2, 0, 2, 0, 2, 0, 0, 2, 2, 2, 0, 2, 2, 2, 2, 2, 2, 2, 2, 2, 2, 2, 2, 0, 2, 2, 0, 2, 2, 2, 2, 0, 2, 2, 0, 2, 2, 2, 0, 0, 2, 0, 2, 2, 2, 2, 2, 0, 0, 2, 0, 2, 0, 0, 2, 2, 0, 0, 2, 0, 2, 2, 0, 2, 0, 2, 0, 0, 0, 2, 0, 2, 2, 2, 2, 2, 2, 2, 2, 0, 2, 0, 2, 0, 2, 2, 0, 2, 2, 0, 2, 2, 2, 0, 2, 2, 2, 0, 2, 2, 0, 2, 2, 0, 0, 2]
all_targets = 
[2, 0, 2, 2, 2, 2, 0, 2, 0, 2, 0, 2, 2, 2, 2, 2, 2, 2, 2, 2, 2, 2, 2, 2, 2, 2, 2, 2, 0, 2, 2, 2, 2, 2, 0, 2, 0, 2, 2, 2, 2, 2, 2, 0, 0, 2, 2, 0, 2, 2, 0, 2, 0, 2, 2, 2, 0, 0, 1, 2, 2, 2, 2, 2, 2, 2, 2, 0, 2, 2, 0, 2, 2, 2, 0, 2, 2, 2, 1, 2, 2, 2, 2, 0, 2, 2, 0, 0, 2, 2, 2, 2, 2, 0, 0, 0, 0, 2, 2, 0, 0, 2, 0, 0, 0, 0]
