Epoch [1/1000], Loss: 0.7002
Epoch [2/1000], Loss: 0.6650
Epoch [3/1000], Loss: 0.6255
Epoch [4/1000], Loss: 0.6108
Epoch [5/1000], Loss: 0.6048
Epoch [6/1000], Loss: 0.5952
Epoch [7/1000], Loss: 0.5800
Epoch [8/1000], Loss: 0.5792
Epoch [9/1000], Loss: 0.5720
Epoch [10/1000], Loss: 0.5621
Epoch [11/1000], Loss: 0.5597
Epoch [12/1000], Loss: 0.5557
Epoch [13/1000], Loss: 0.5568
Epoch [14/1000], Loss: 0.5514
Epoch [15/1000], Loss: 0.5350
Epoch [16/1000], Loss: 0.5291
Epoch [17/1000], Loss: 0.5387
Epoch [18/1000], Loss: 0.5495
Epoch [19/1000], Loss: 0.5302
Epoch [20/1000], Loss: 0.5507
Epoch [21/1000], Loss: 0.5326
Epoch [22/1000], Loss: 0.5205
Epoch [23/1000], Loss: 0.5235
Early stopping triggered.
Test Accuracy: 0.7358
all_predictions = 
[2, 2, 2, 2, 2, 2, 2, 2, 2, 2, 0, 2, 2, 2, 2, 0, 2, 2, 2, 2, 2, 2, 2, 0, 2, 2, 0, 2, 2, 2, 2, 2, 2, 2, 0, 2, 2, 2, 0, 0, 2, 2, 2, 2, 2, 2, 2, 0, 2, 2, 0, 2, 0, 2, 2, 2, 0, 0, 2, 2, 2, 2, 0, 2, 0, 2, 0, 2, 0, 2, 0, 2, 2, 2, 2, 2, 2, 2, 2, 0, 2, 0, 2, 0, 2, 2, 0, 2, 2, 2, 2, 2, 2, 0, 0, 2, 2, 2, 2, 2, 0, 2, 2, 0, 0, 2]
all_targets = 
[2, 0, 2, 2, 2, 2, 0, 2, 0, 2, 0, 2, 2, 2, 2, 2, 2, 2, 2, 2, 2, 2, 2, 2, 2, 2, 2, 2, 0, 2, 2, 2, 2, 2, 0, 2, 0, 2, 2, 2, 2, 2, 2, 0, 0, 2, 2, 0, 2, 2, 0, 2, 0, 2, 2, 2, 0, 0, 1, 2, 2, 2, 2, 2, 2, 2, 2, 0, 2, 2, 0, 2, 2, 2, 0, 2, 2, 2, 1, 2, 2, 2, 2, 0, 2, 2, 0, 0, 2, 2, 2, 2, 2, 0, 0, 0, 0, 2, 2, 0, 0, 2, 0, 0, 0, 0]
