Epoch [1/1000], Loss: 0.7915
Epoch [2/1000], Loss: 0.7109
Epoch [3/1000], Loss: 0.6693
Epoch [4/1000], Loss: 0.6366
Epoch [5/1000], Loss: 0.6161
Epoch [6/1000], Loss: 0.6039
Epoch [7/1000], Loss: 0.5940
Epoch [8/1000], Loss: 0.5930
Epoch [9/1000], Loss: 0.5867
Epoch [10/1000], Loss: 0.5777
Epoch [11/1000], Loss: 0.5711
Epoch [12/1000], Loss: 0.5711
Epoch [13/1000], Loss: 0.5633
Epoch [14/1000], Loss: 0.5584
Epoch [15/1000], Loss: 0.5532
Epoch [16/1000], Loss: 0.5540
Epoch [17/1000], Loss: 0.5485
Epoch [18/1000], Loss: 0.5519
Early stopping triggered.
Test Accuracy: 0.7358
all_predictions = 
[2, 2, 2, 2, 2, 2, 2, 2, 2, 2, 0, 2, 2, 2, 2, 2, 2, 2, 2, 2, 2, 2, 2, 2, 2, 2, 0, 2, 2, 2, 2, 2, 2, 2, 0, 2, 2, 2, 2, 2, 2, 2, 2, 2, 2, 2, 2, 2, 2, 2, 0, 2, 0, 2, 2, 2, 0, 0, 2, 2, 2, 2, 0, 2, 0, 2, 0, 2, 0, 2, 0, 2, 2, 2, 2, 2, 2, 2, 2, 2, 2, 2, 2, 2, 2, 2, 2, 2, 2, 2, 2, 2, 2, 2, 2, 2, 2, 2, 2, 2, 0, 2, 2, 2, 0, 2]
all_targets = 
[2, 0, 2, 2, 2, 2, 0, 2, 0, 2, 0, 2, 2, 2, 2, 2, 2, 2, 2, 2, 2, 2, 2, 2, 2, 2, 2, 2, 0, 2, 2, 2, 2, 2, 0, 2, 0, 2, 2, 2, 2, 2, 2, 0, 0, 2, 2, 0, 2, 2, 0, 2, 0, 2, 2, 2, 0, 0, 1, 2, 2, 2, 2, 2, 2, 2, 2, 0, 2, 2, 0, 2, 2, 2, 0, 2, 2, 2, 1, 2, 2, 2, 2, 0, 2, 2, 0, 0, 2, 2, 2, 2, 2, 0, 0, 0, 0, 2, 2, 0, 0, 2, 0, 0, 0, 0]
