Epoch [1/1000], Loss: 0.8959
Epoch [2/1000], Loss: 0.7068
Epoch [3/1000], Loss: 0.6977
Epoch [4/1000], Loss: 0.6976
Epoch [5/1000], Loss: 0.6960
Epoch [6/1000], Loss: 0.6942
Epoch [7/1000], Loss: 0.6943
Epoch [8/1000], Loss: 0.6902
Epoch [9/1000], Loss: 0.6843
Epoch [10/1000], Loss: 0.6632
Epoch [11/1000], Loss: 0.6368
Epoch [12/1000], Loss: 0.6246
Epoch [13/1000], Loss: 0.6231
Epoch [14/1000], Loss: 0.6151
Epoch [15/1000], Loss: 0.6087
Epoch [16/1000], Loss: 0.6071
Epoch [17/1000], Loss: 0.6044
Epoch [18/1000], Loss: 0.6080
Early stopping triggered.
Test Accuracy: 0.7264
all_predictions = 
[2, 2, 2, 2, 2, 2, 2, 2, 2, 2, 0, 2, 2, 2, 2, 2, 2, 2, 2, 2, 2, 2, 2, 0, 2, 2, 0, 2, 2, 2, 2, 2, 2, 2, 0, 2, 2, 2, 0, 0, 2, 2, 2, 2, 2, 2, 2, 0, 2, 2, 0, 2, 0, 2, 2, 2, 0, 0, 2, 2, 2, 2, 0, 2, 0, 2, 0, 2, 0, 2, 0, 2, 2, 2, 2, 2, 2, 2, 2, 0, 2, 0, 2, 0, 2, 2, 0, 2, 2, 0, 2, 2, 2, 0, 2, 2, 2, 2, 2, 2, 0, 2, 2, 0, 0, 2]
all_targets = 
[2, 0, 2, 2, 2, 2, 0, 2, 0, 2, 0, 2, 2, 2, 2, 2, 2, 2, 2, 2, 2, 2, 2, 2, 2, 2, 2, 2, 0, 2, 2, 2, 2, 2, 0, 2, 0, 2, 2, 2, 2, 2, 2, 0, 0, 2, 2, 0, 2, 2, 0, 2, 0, 2, 2, 2, 0, 0, 1, 2, 2, 2, 2, 2, 2, 2, 2, 0, 2, 2, 0, 2, 2, 2, 0, 2, 2, 2, 1, 2, 2, 2, 2, 0, 2, 2, 0, 0, 2, 2, 2, 2, 2, 0, 0, 0, 0, 2, 2, 0, 0, 2, 0, 0, 0, 0]
