Epoch [1/1000], Loss: 0.7857
Epoch [2/1000], Loss: 0.6949
Epoch [3/1000], Loss: 0.6914
Epoch [4/1000], Loss: 0.6557
Epoch [5/1000], Loss: 0.6256
Epoch [6/1000], Loss: 0.6243
Epoch [7/1000], Loss: 0.6007
Epoch [8/1000], Loss: 0.5971
Epoch [9/1000], Loss: 0.5937
Early stopping triggered.
Test Accuracy: 0.7830
all_predictions = 
[2, 2, 2, 2, 2, 2, 2, 2, 2, 2, 0, 2, 2, 2, 2, 2, 2, 2, 2, 2, 2, 2, 2, 2, 2, 2, 0, 2, 2, 2, 2, 2, 2, 2, 0, 2, 2, 2, 2, 2, 2, 2, 2, 2, 2, 2, 2, 2, 2, 2, 0, 2, 0, 2, 2, 2, 0, 0, 2, 2, 2, 2, 0, 2, 2, 2, 0, 2, 0, 2, 0, 2, 2, 2, 2, 2, 2, 2, 2, 2, 2, 2, 2, 0, 2, 2, 0, 2, 2, 2, 2, 2, 2, 0, 2, 2, 2, 2, 2, 2, 0, 2, 2, 0, 0, 2]
all_targets = 
[2, 0, 2, 2, 2, 2, 0, 2, 0, 2, 0, 2, 2, 2, 2, 2, 2, 2, 2, 2, 2, 2, 2, 2, 2, 2, 2, 2, 0, 2, 2, 2, 2, 2, 0, 2, 0, 2, 2, 2, 2, 2, 2, 0, 0, 2, 2, 0, 2, 2, 0, 2, 0, 2, 2, 2, 0, 0, 1, 2, 2, 2, 2, 2, 2, 2, 2, 0, 2, 2, 0, 2, 2, 2, 0, 2, 2, 2, 1, 2, 2, 2, 2, 0, 2, 2, 0, 0, 2, 2, 2, 2, 2, 0, 0, 0, 0, 2, 2, 0, 0, 2, 0, 0, 0, 0]
