Epoch [1/1000], Loss: 0.7093
Epoch [2/1000], Loss: 0.6814
Epoch [3/1000], Loss: 0.6358
Epoch [4/1000], Loss: 0.6068
Epoch [5/1000], Loss: 0.6018
Epoch [6/1000], Loss: 0.5934
Epoch [7/1000], Loss: 0.5772
Epoch [8/1000], Loss: 0.5699
Epoch [9/1000], Loss: 0.5676
Epoch [10/1000], Loss: 0.5649
Epoch [11/1000], Loss: 0.5610
Epoch [12/1000], Loss: 0.5533
Epoch [13/1000], Loss: 0.5471
Epoch [14/1000], Loss: 0.5414
Epoch [15/1000], Loss: 0.5386
Epoch [16/1000], Loss: 0.5310
Epoch [17/1000], Loss: 0.5302
Epoch [18/1000], Loss: 0.5237
Epoch [19/1000], Loss: 0.5263
Early stopping triggered.
Test Accuracy: 0.7547
all_predictions = 
[2, 2, 2, 2, 2, 2, 2, 2, 2, 2, 0, 2, 2, 2, 2, 2, 2, 2, 2, 2, 2, 2, 2, 2, 2, 2, 0, 2, 2, 2, 2, 2, 2, 2, 0, 2, 2, 2, 2, 0, 2, 2, 2, 2, 2, 2, 2, 2, 2, 2, 0, 2, 0, 2, 2, 2, 0, 0, 2, 2, 2, 2, 0, 2, 0, 2, 0, 2, 0, 2, 0, 2, 2, 2, 2, 2, 2, 2, 2, 0, 2, 0, 2, 0, 2, 2, 0, 2, 2, 2, 2, 2, 2, 0, 0, 2, 2, 2, 2, 2, 0, 2, 2, 0, 0, 2]
all_targets = 
[2, 0, 2, 2, 2, 2, 0, 2, 0, 2, 0, 2, 2, 2, 2, 2, 2, 2, 2, 2, 2, 2, 2, 2, 2, 2, 2, 2, 0, 2, 2, 2, 2, 2, 0, 2, 0, 2, 2, 2, 2, 2, 2, 0, 0, 2, 2, 0, 2, 2, 0, 2, 0, 2, 2, 2, 0, 0, 1, 2, 2, 2, 2, 2, 2, 2, 2, 0, 2, 2, 0, 2, 2, 2, 0, 2, 2, 2, 1, 2, 2, 2, 2, 0, 2, 2, 0, 0, 2, 2, 2, 2, 2, 0, 0, 0, 0, 2, 2, 0, 0, 2, 0, 0, 0, 0]
