Epoch [1/1000], Loss: 0.7148
Epoch [2/1000], Loss: 0.6980
Epoch [3/1000], Loss: 0.6905
Epoch [4/1000], Loss: 0.6672
Epoch [5/1000], Loss: 0.6199
Epoch [6/1000], Loss: 0.6124
Epoch [7/1000], Loss: 0.5937
Epoch [8/1000], Loss: 0.5913
Epoch [9/1000], Loss: 0.5861
Epoch [10/1000], Loss: 0.5815
Epoch [11/1000], Loss: 0.5756
Epoch [12/1000], Loss: 0.5777
Epoch [13/1000], Loss: 0.5775
Epoch [14/1000], Loss: 0.5714
Epoch [15/1000], Loss: 0.5688
Epoch [16/1000], Loss: 0.5684
Epoch [17/1000], Loss: 0.5732
Epoch [18/1000], Loss: 0.5775
Epoch [19/1000], Loss: 0.5753
Epoch [20/1000], Loss: 0.5800
Epoch [21/1000], Loss: 0.5712
Epoch [22/1000], Loss: 0.5735
Early stopping triggered.
Test Accuracy: 0.7453
all_predictions = 
[2, 2, 2, 2, 2, 2, 2, 2, 2, 2, 0, 2, 2, 2, 2, 2, 2, 2, 2, 2, 2, 2, 2, 2, 2, 2, 0, 2, 2, 2, 2, 2, 0, 2, 0, 2, 2, 2, 2, 0, 2, 2, 2, 2, 2, 2, 2, 2, 2, 2, 0, 2, 0, 2, 2, 2, 0, 0, 2, 2, 2, 2, 0, 2, 2, 2, 0, 2, 0, 2, 0, 2, 2, 2, 2, 2, 2, 2, 2, 0, 2, 0, 2, 0, 2, 2, 0, 2, 2, 2, 2, 2, 2, 0, 2, 2, 2, 2, 2, 2, 0, 2, 2, 0, 0, 2]
all_targets = 
[2, 0, 2, 2, 2, 2, 0, 2, 0, 2, 0, 2, 2, 2, 2, 2, 2, 2, 2, 2, 2, 2, 2, 2, 2, 2, 2, 2, 0, 2, 2, 2, 2, 2, 0, 2, 0, 2, 2, 2, 2, 2, 2, 0, 0, 2, 2, 0, 2, 2, 0, 2, 0, 2, 2, 2, 0, 0, 1, 2, 2, 2, 2, 2, 2, 2, 2, 0, 2, 2, 0, 2, 2, 2, 0, 2, 2, 2, 1, 2, 2, 2, 2, 0, 2, 2, 0, 0, 2, 2, 2, 2, 2, 0, 0, 0, 0, 2, 2, 0, 0, 2, 0, 0, 0, 0]
