Epoch [1/1000], Loss: 0.8815
Epoch [2/1000], Loss: 0.7524
Epoch [3/1000], Loss: 0.7273
Epoch [4/1000], Loss: 0.7030
Epoch [5/1000], Loss: 0.6775
Epoch [6/1000], Loss: 0.6376
Epoch [7/1000], Loss: 0.6172
Epoch [8/1000], Loss: 0.6094
Epoch [9/1000], Loss: 0.6005
Epoch [10/1000], Loss: 0.5999
Epoch [11/1000], Loss: 0.5921
Epoch [12/1000], Loss: 0.5859
Epoch [13/1000], Loss: 0.5838
Epoch [14/1000], Loss: 0.5772
Epoch [15/1000], Loss: 0.5724
Epoch [16/1000], Loss: 0.5721
Epoch [17/1000], Loss: 0.5697
Epoch [18/1000], Loss: 0.5623
Epoch [19/1000], Loss: 0.5569
Epoch [20/1000], Loss: 0.5532
Epoch [21/1000], Loss: 0.5461
Epoch [22/1000], Loss: 0.5411
Epoch [23/1000], Loss: 0.5338
Epoch [24/1000], Loss: 0.5345
Epoch [25/1000], Loss: 0.5351
Epoch [26/1000], Loss: 0.5338
Epoch [27/1000], Loss: 0.5344
Early stopping triggered.
Test Accuracy: 0.7547
all_predictions = 
[2, 2, 2, 2, 2, 2, 0, 2, 0, 2, 0, 2, 2, 2, 0, 2, 2, 2, 2, 0, 2, 2, 2, 2, 2, 2, 0, 2, 2, 2, 2, 2, 2, 2, 2, 2, 2, 2, 2, 2, 2, 2, 2, 0, 2, 2, 2, 2, 2, 2, 0, 2, 0, 2, 2, 2, 0, 2, 2, 2, 2, 2, 0, 2, 2, 2, 0, 2, 2, 2, 2, 2, 2, 2, 2, 2, 2, 2, 2, 2, 2, 2, 2, 2, 2, 2, 2, 2, 2, 2, 2, 2, 2, 0, 2, 2, 2, 2, 2, 2, 0, 2, 2, 0, 0, 2]
all_targets = 
[2, 0, 2, 2, 2, 2, 0, 2, 0, 2, 0, 2, 2, 2, 2, 2, 2, 2, 2, 2, 2, 2, 2, 2, 2, 2, 2, 2, 0, 2, 2, 2, 2, 2, 0, 2, 0, 2, 2, 2, 2, 2, 2, 0, 0, 2, 2, 0, 2, 2, 0, 2, 0, 2, 2, 2, 0, 0, 1, 2, 2, 2, 2, 2, 2, 2, 2, 0, 2, 2, 0, 2, 2, 2, 0, 2, 2, 2, 1, 2, 2, 2, 2, 0, 2, 2, 0, 0, 2, 2, 2, 2, 2, 0, 0, 0, 0, 2, 2, 0, 0, 2, 0, 0, 0, 0]
