Epoch [1/1000], Loss: 0.7227
Epoch [2/1000], Loss: 0.6881
Epoch [3/1000], Loss: 0.6689
Epoch [4/1000], Loss: 0.6362
Epoch [5/1000], Loss: 0.6138
Epoch [6/1000], Loss: 0.6080
Epoch [7/1000], Loss: 0.5990
Epoch [8/1000], Loss: 0.5911
Early stopping triggered.
Test Accuracy: 0.5943
all_predictions = 
[2, 0, 2, 0, 0, 0, 0, 2, 0, 2, 0, 2, 0, 2, 2, 0, 0, 0, 2, 0, 0, 2, 0, 0, 2, 2, 0, 2, 2, 2, 2, 2, 2, 2, 0, 2, 2, 2, 0, 0, 2, 0, 2, 2, 2, 2, 2, 0, 0, 0, 0, 2, 0, 2, 2, 2, 0, 0, 2, 0, 2, 0, 0, 0, 0, 0, 0, 0, 0, 0, 0, 2, 2, 2, 2, 2, 2, 2, 2, 0, 2, 0, 2, 0, 2, 2, 0, 2, 2, 2, 2, 2, 2, 0, 2, 2, 2, 0, 2, 2, 0, 2, 2, 0, 0, 2]
all_targets = 
[2, 0, 2, 2, 2, 2, 0, 2, 0, 2, 0, 2, 2, 2, 2, 2, 2, 2, 2, 2, 2, 2, 2, 2, 2, 2, 2, 2, 0, 2, 2, 2, 2, 2, 0, 2, 0, 2, 2, 2, 2, 2, 2, 0, 0, 2, 2, 0, 2, 2, 0, 2, 0, 2, 2, 2, 0, 0, 1, 2, 2, 2, 2, 2, 2, 2, 2, 0, 2, 2, 0, 2, 2, 2, 0, 2, 2, 2, 1, 2, 2, 2, 2, 0, 2, 2, 0, 0, 2, 2, 2, 2, 2, 0, 0, 0, 0, 2, 2, 0, 0, 2, 0, 0, 0, 0]
