Epoch [1/1000], Loss: 0.7285
Epoch [2/1000], Loss: 0.6787
Epoch [3/1000], Loss: 0.6408
Epoch [4/1000], Loss: 0.6233
Epoch [5/1000], Loss: 0.5953
Epoch [6/1000], Loss: 0.5893
Epoch [7/1000], Loss: 0.5863
Epoch [8/1000], Loss: 0.5826
Epoch [9/1000], Loss: 0.5728
Epoch [10/1000], Loss: 0.5678
Epoch [11/1000], Loss: 0.5714
Epoch [12/1000], Loss: 0.5706
Epoch [13/1000], Loss: 0.5712
Epoch [14/1000], Loss: 0.5774
Epoch [15/1000], Loss: 0.5759
Epoch [16/1000], Loss: 0.5767
Epoch [17/1000], Loss: 0.5683
Epoch [18/1000], Loss: 0.5578
Epoch [19/1000], Loss: 0.5560
Epoch [20/1000], Loss: 0.5579
Epoch [21/1000], Loss: 0.5493
Epoch [22/1000], Loss: 0.5539
Epoch [23/1000], Loss: 0.5536
Epoch [24/1000], Loss: 0.5377
Epoch [25/1000], Loss: 0.5466
Epoch [26/1000], Loss: 0.5384
Epoch [27/1000], Loss: 0.5337
Early stopping triggered.
Test Accuracy: 0.7170
all_predictions = 
[2, 2, 2, 2, 2, 2, 2, 2, 2, 2, 0, 2, 2, 2, 2, 2, 2, 2, 2, 2, 2, 2, 2, 2, 2, 2, 0, 2, 2, 2, 2, 2, 2, 2, 0, 2, 2, 2, 0, 0, 2, 0, 2, 2, 2, 2, 2, 2, 2, 2, 0, 2, 0, 2, 2, 2, 0, 0, 2, 2, 2, 2, 0, 2, 0, 2, 0, 2, 0, 2, 0, 2, 2, 2, 2, 2, 2, 2, 2, 0, 2, 0, 2, 0, 2, 2, 0, 2, 2, 0, 2, 2, 2, 0, 2, 2, 2, 2, 2, 2, 0, 2, 2, 0, 0, 2]
all_targets = 
[2, 0, 2, 2, 2, 2, 0, 2, 0, 2, 0, 2, 2, 2, 2, 2, 2, 2, 2, 2, 2, 2, 2, 2, 2, 2, 2, 2, 0, 2, 2, 2, 2, 2, 0, 2, 0, 2, 2, 2, 2, 2, 2, 0, 0, 2, 2, 0, 2, 2, 0, 2, 0, 2, 2, 2, 0, 0, 1, 2, 2, 2, 2, 2, 2, 2, 2, 0, 2, 2, 0, 2, 2, 2, 0, 2, 2, 2, 1, 2, 2, 2, 2, 0, 2, 2, 0, 0, 2, 2, 2, 2, 2, 0, 0, 0, 0, 2, 2, 0, 0, 2, 0, 0, 0, 0]
