Epoch [1/1000], Loss: 0.8964
Epoch [2/1000], Loss: 0.6546
Epoch [3/1000], Loss: 0.6293
Epoch [4/1000], Loss: 0.6107
Epoch [5/1000], Loss: 0.6032
Epoch [6/1000], Loss: 0.5986
Epoch [7/1000], Loss: 0.5912
Epoch [8/1000], Loss: 0.5862
Epoch [9/1000], Loss: 0.5856
Epoch [10/1000], Loss: 0.5822
Epoch [11/1000], Loss: 0.5773
Epoch [12/1000], Loss: 0.5780
Epoch [13/1000], Loss: 0.5685
Epoch [14/1000], Loss: 0.5628
Epoch [15/1000], Loss: 0.5533
Epoch [16/1000], Loss: 0.5426
Epoch [17/1000], Loss: 0.5400
Epoch [18/1000], Loss: 0.5350
Epoch [19/1000], Loss: 0.5272
Epoch [20/1000], Loss: 0.5282
Epoch [21/1000], Loss: 0.5212
Epoch [22/1000], Loss: 0.5212
Epoch [23/1000], Loss: 0.5180
Epoch [24/1000], Loss: 0.5211
Epoch [25/1000], Loss: 0.5161
Early stopping triggered.
Test Accuracy: 0.7642
all_predictions = 
[2, 2, 2, 2, 2, 2, 2, 2, 2, 2, 0, 2, 2, 2, 2, 2, 2, 2, 2, 2, 2, 2, 2, 2, 2, 2, 0, 2, 2, 2, 2, 2, 2, 2, 2, 2, 2, 2, 2, 2, 2, 2, 2, 2, 2, 2, 2, 2, 2, 2, 0, 2, 0, 2, 2, 2, 0, 0, 2, 2, 2, 2, 0, 2, 2, 2, 0, 2, 0, 2, 0, 2, 2, 2, 2, 2, 2, 2, 2, 2, 2, 2, 2, 2, 2, 2, 2, 2, 2, 2, 2, 2, 2, 0, 2, 2, 2, 2, 2, 2, 0, 2, 2, 0, 0, 0]
all_targets = 
[2, 0, 2, 2, 2, 2, 0, 2, 0, 2, 0, 2, 2, 2, 2, 2, 2, 2, 2, 2, 2, 2, 2, 2, 2, 2, 2, 2, 0, 2, 2, 2, 2, 2, 0, 2, 0, 2, 2, 2, 2, 2, 2, 0, 0, 2, 2, 0, 2, 2, 0, 2, 0, 2, 2, 2, 0, 0, 1, 2, 2, 2, 2, 2, 2, 2, 2, 0, 2, 2, 0, 2, 2, 2, 0, 2, 2, 2, 1, 2, 2, 2, 2, 0, 2, 2, 0, 0, 2, 2, 2, 2, 2, 0, 0, 0, 0, 2, 2, 0, 0, 2, 0, 0, 0, 0]
