Epoch [1/1000], Loss: 0.7072
Epoch [2/1000], Loss: 0.6976
Epoch [3/1000], Loss: 0.6931
Epoch [4/1000], Loss: 0.6856
Epoch [5/1000], Loss: 0.6524
Epoch [6/1000], Loss: 0.6306
Epoch [7/1000], Loss: 0.6217
Epoch [8/1000], Loss: 0.6182
Epoch [9/1000], Loss: 0.6086
Epoch [10/1000], Loss: 0.6090
Epoch [11/1000], Loss: 0.6064
Epoch [12/1000], Loss: 0.6038
Epoch [13/1000], Loss: 0.6034
Early stopping triggered.
Test Accuracy: 0.7264
all_predictions = 
[2, 2, 2, 2, 2, 2, 2, 2, 2, 2, 0, 2, 2, 2, 2, 2, 2, 2, 2, 2, 2, 2, 2, 0, 2, 2, 0, 2, 2, 2, 2, 2, 2, 2, 0, 2, 2, 2, 0, 0, 2, 2, 2, 2, 2, 2, 2, 0, 2, 2, 0, 2, 0, 2, 2, 2, 0, 0, 2, 2, 2, 2, 0, 2, 0, 2, 0, 2, 0, 2, 0, 2, 2, 2, 2, 2, 2, 2, 2, 0, 2, 0, 2, 0, 2, 2, 0, 2, 2, 0, 2, 2, 2, 0, 2, 2, 2, 2, 2, 2, 0, 2, 2, 0, 0, 2]
all_targets = 
[2, 0, 2, 2, 2, 2, 0, 2, 0, 2, 0, 2, 2, 2, 2, 2, 2, 2, 2, 2, 2, 2, 2, 2, 2, 2, 2, 2, 0, 2, 2, 2, 2, 2, 0, 2, 0, 2, 2, 2, 2, 2, 2, 0, 0, 2, 2, 0, 2, 2, 0, 2, 0, 2, 2, 2, 0, 0, 1, 2, 2, 2, 2, 2, 2, 2, 2, 0, 2, 2, 0, 2, 2, 2, 0, 2, 2, 2, 1, 2, 2, 2, 2, 0, 2, 2, 0, 0, 2, 2, 2, 2, 2, 0, 0, 0, 0, 2, 2, 0, 0, 2, 0, 0, 0, 0]
