Epoch [1/1000], Loss: 0.8758
Epoch [2/1000], Loss: 0.6677
Epoch [3/1000], Loss: 0.6301
Epoch [4/1000], Loss: 0.6134
Epoch [5/1000], Loss: 0.6013
Epoch [6/1000], Loss: 0.5963
Epoch [7/1000], Loss: 0.5829
Epoch [8/1000], Loss: 0.5824
Epoch [9/1000], Loss: 0.5773
Epoch [10/1000], Loss: 0.5757
Epoch [11/1000], Loss: 0.5700
Epoch [12/1000], Loss: 0.5635
Epoch [13/1000], Loss: 0.5568
Epoch [14/1000], Loss: 0.5568
Epoch [15/1000], Loss: 0.5535
Epoch [16/1000], Loss: 0.5471
Epoch [17/1000], Loss: 0.5414
Epoch [18/1000], Loss: 0.5402
Epoch [19/1000], Loss: 0.5382
Epoch [20/1000], Loss: 0.5312
Epoch [21/1000], Loss: 0.5303
Epoch [22/1000], Loss: 0.5319
Epoch [23/1000], Loss: 0.5258
Epoch [24/1000], Loss: 0.5441
Epoch [25/1000], Loss: 0.5293
Early stopping triggered.
Test Accuracy: 0.7736
all_predictions = 
[2, 2, 2, 2, 2, 2, 2, 2, 2, 2, 2, 2, 2, 2, 2, 2, 2, 2, 2, 2, 2, 2, 2, 2, 2, 2, 0, 2, 2, 2, 2, 2, 2, 2, 0, 2, 2, 2, 2, 2, 2, 2, 2, 2, 2, 2, 2, 2, 2, 2, 0, 2, 0, 2, 2, 2, 0, 0, 2, 2, 2, 2, 0, 2, 2, 2, 0, 2, 0, 2, 0, 2, 2, 2, 2, 2, 2, 2, 2, 2, 2, 2, 2, 0, 2, 2, 0, 2, 2, 2, 2, 2, 2, 0, 2, 2, 2, 2, 2, 2, 0, 2, 2, 0, 0, 2]
all_targets = 
[2, 0, 2, 2, 2, 2, 0, 2, 0, 2, 0, 2, 2, 2, 2, 2, 2, 2, 2, 2, 2, 2, 2, 2, 2, 2, 2, 2, 0, 2, 2, 2, 2, 2, 0, 2, 0, 2, 2, 2, 2, 2, 2, 0, 0, 2, 2, 0, 2, 2, 0, 2, 0, 2, 2, 2, 0, 0, 1, 2, 2, 2, 2, 2, 2, 2, 2, 0, 2, 2, 0, 2, 2, 2, 0, 2, 2, 2, 1, 2, 2, 2, 2, 0, 2, 2, 0, 0, 2, 2, 2, 2, 2, 0, 0, 0, 0, 2, 2, 0, 0, 2, 0, 0, 0, 0]
