Epoch [1/1000], Loss: 0.7299
Epoch [2/1000], Loss: 0.6877
Epoch [3/1000], Loss: 0.6813
Epoch [4/1000], Loss: 0.6646
Epoch [5/1000], Loss: 0.6506
Epoch [6/1000], Loss: 0.6376
Epoch [7/1000], Loss: 0.6350
Early stopping triggered.
Test Accuracy: 0.6698
all_predictions = 
[2, 0, 2, 0, 0, 2, 0, 2, 0, 2, 0, 2, 2, 2, 2, 2, 2, 2, 2, 0, 2, 2, 2, 2, 0, 0, 0, 0, 0, 2, 2, 2, 0, 0, 0, 2, 2, 2, 2, 2, 2, 0, 2, 0, 2, 2, 2, 2, 0, 0, 0, 2, 0, 0, 2, 2, 0, 0, 2, 0, 2, 2, 0, 2, 2, 2, 0, 0, 0, 2, 0, 2, 2, 2, 2, 2, 0, 0, 2, 2, 0, 2, 2, 2, 2, 2, 2, 2, 2, 2, 2, 2, 2, 0, 2, 0, 0, 0, 2, 2, 0, 0, 2, 0, 0, 2]
all_targets = 
[2, 0, 2, 2, 2, 2, 0, 2, 0, 2, 0, 2, 2, 2, 2, 2, 2, 2, 2, 2, 2, 2, 2, 2, 2, 2, 2, 2, 0, 2, 2, 2, 2, 2, 0, 2, 0, 2, 2, 2, 2, 2, 2, 0, 0, 2, 2, 0, 2, 2, 0, 2, 0, 2, 2, 2, 0, 0, 1, 2, 2, 2, 2, 2, 2, 2, 2, 0, 2, 2, 0, 2, 2, 2, 0, 2, 2, 2, 1, 2, 2, 2, 2, 0, 2, 2, 0, 0, 2, 2, 2, 2, 2, 0, 0, 0, 0, 2, 2, 0, 0, 2, 0, 0, 0, 0]
