Epoch [1/1000], Loss: 0.9513
Epoch [2/1000], Loss: 0.7142
Epoch [3/1000], Loss: 0.6586
Epoch [4/1000], Loss: 0.6303
Epoch [5/1000], Loss: 0.6128
Epoch [6/1000], Loss: 0.6114
Epoch [7/1000], Loss: 0.6089
Epoch [8/1000], Loss: 0.5927
Epoch [9/1000], Loss: 0.5873
Epoch [10/1000], Loss: 0.5799
Epoch [11/1000], Loss: 0.5844
Epoch [12/1000], Loss: 0.5757
Epoch [13/1000], Loss: 0.5731
Epoch [14/1000], Loss: 0.5686
Epoch [15/1000], Loss: 0.5614
Epoch [16/1000], Loss: 0.5550
Epoch [17/1000], Loss: 0.5425
Epoch [18/1000], Loss: 0.5473
Epoch [19/1000], Loss: 0.5390
Epoch [20/1000], Loss: 0.5338
Epoch [21/1000], Loss: 0.5338
Epoch [22/1000], Loss: 0.5372
Epoch [23/1000], Loss: 0.5338
Epoch [24/1000], Loss: 0.5307
Epoch [25/1000], Loss: 0.5352
Epoch [26/1000], Loss: 0.5298
Epoch [27/1000], Loss: 0.5281
Early stopping triggered.
Test Accuracy: 0.7642
all_predictions = 
[2, 2, 2, 2, 2, 2, 2, 2, 2, 2, 0, 2, 2, 2, 2, 2, 2, 2, 2, 2, 2, 2, 2, 2, 2, 2, 0, 2, 2, 2, 2, 2, 2, 2, 0, 2, 2, 2, 2, 2, 2, 0, 2, 2, 2, 2, 2, 2, 2, 2, 0, 2, 0, 2, 2, 2, 0, 0, 2, 0, 2, 2, 0, 2, 0, 2, 0, 0, 0, 2, 0, 2, 2, 2, 2, 2, 2, 2, 2, 2, 2, 2, 2, 0, 2, 2, 0, 2, 2, 2, 2, 2, 2, 0, 2, 2, 2, 2, 2, 2, 0, 2, 2, 0, 0, 2]
all_targets = 
[2, 0, 2, 2, 2, 2, 0, 2, 0, 2, 0, 2, 2, 2, 2, 2, 2, 2, 2, 2, 2, 2, 2, 2, 2, 2, 2, 2, 0, 2, 2, 2, 2, 2, 0, 2, 0, 2, 2, 2, 2, 2, 2, 0, 0, 2, 2, 0, 2, 2, 0, 2, 0, 2, 2, 2, 0, 0, 1, 2, 2, 2, 2, 2, 2, 2, 2, 0, 2, 2, 0, 2, 2, 2, 0, 2, 2, 2, 1, 2, 2, 2, 2, 0, 2, 2, 0, 0, 2, 2, 2, 2, 2, 0, 0, 0, 0, 2, 2, 0, 0, 2, 0, 0, 0, 0]
