Epoch [1/1000], Loss: 1.0003
Epoch [2/1000], Loss: 0.7415
Epoch [3/1000], Loss: 0.7182
Epoch [4/1000], Loss: 0.6989
Epoch [5/1000], Loss: 0.6881
Epoch [6/1000], Loss: 0.6596
Epoch [7/1000], Loss: 0.6290
Epoch [8/1000], Loss: 0.6050
Epoch [9/1000], Loss: 0.6005
Epoch [10/1000], Loss: 0.5804
Epoch [11/1000], Loss: 0.5838
Epoch [12/1000], Loss: 0.5784
Epoch [13/1000], Loss: 0.5755
Epoch [14/1000], Loss: 0.5723
Epoch [15/1000], Loss: 0.5687
Epoch [16/1000], Loss: 0.5689
Epoch [17/1000], Loss: 0.5679
Epoch [18/1000], Loss: 0.5686
Epoch [19/1000], Loss: 0.5705
Epoch [20/1000], Loss: 0.5774
Epoch [21/1000], Loss: 0.5690
Epoch [22/1000], Loss: 0.5635
Epoch [23/1000], Loss: 0.5581
Epoch [24/1000], Loss: 0.5640
Early stopping triggered.
Test Accuracy: 0.7264
all_predictions = 
[2, 2, 2, 2, 2, 2, 2, 2, 2, 2, 0, 2, 2, 2, 2, 2, 2, 2, 2, 2, 2, 2, 2, 2, 2, 2, 0, 2, 2, 2, 2, 2, 2, 2, 0, 2, 2, 2, 0, 0, 2, 2, 2, 2, 2, 2, 2, 2, 2, 2, 0, 2, 0, 2, 2, 2, 0, 0, 2, 2, 2, 2, 0, 2, 0, 2, 0, 2, 0, 2, 0, 2, 2, 2, 2, 2, 2, 2, 2, 0, 2, 0, 2, 0, 2, 2, 0, 2, 2, 0, 2, 2, 2, 0, 2, 2, 2, 2, 2, 2, 0, 2, 2, 0, 0, 2]
all_targets = 
[2, 0, 2, 2, 2, 2, 0, 2, 0, 2, 0, 2, 2, 2, 2, 2, 2, 2, 2, 2, 2, 2, 2, 2, 2, 2, 2, 2, 0, 2, 2, 2, 2, 2, 0, 2, 0, 2, 2, 2, 2, 2, 2, 0, 0, 2, 2, 0, 2, 2, 0, 2, 0, 2, 2, 2, 0, 0, 1, 2, 2, 2, 2, 2, 2, 2, 2, 0, 2, 2, 0, 2, 2, 2, 0, 2, 2, 2, 1, 2, 2, 2, 2, 0, 2, 2, 0, 0, 2, 2, 2, 2, 2, 0, 0, 0, 0, 2, 2, 0, 0, 2, 0, 0, 0, 0]
