Epoch [1/1000], Loss: 0.7768
Epoch [2/1000], Loss: 0.6945
Epoch [3/1000], Loss: 0.6836
Epoch [4/1000], Loss: 0.6658
Epoch [5/1000], Loss: 0.6434
Epoch [6/1000], Loss: 0.6272
Epoch [7/1000], Loss: 0.6196
Epoch [8/1000], Loss: 0.6143
Epoch [9/1000], Loss: 0.6076
Epoch [10/1000], Loss: 0.6103
Epoch [11/1000], Loss: 0.6059
Epoch [12/1000], Loss: 0.6001
Epoch [13/1000], Loss: 0.5898
Epoch [14/1000], Loss: 0.5900
Epoch [15/1000], Loss: 0.5796
Epoch [16/1000], Loss: 0.5824
Epoch [17/1000], Loss: 0.5808
Epoch [18/1000], Loss: 0.5716
Epoch [19/1000], Loss: 0.5638
Epoch [20/1000], Loss: 0.5588
Epoch [21/1000], Loss: 0.5548
Epoch [22/1000], Loss: 0.5505
Epoch [23/1000], Loss: 0.5474
Epoch [24/1000], Loss: 0.5425
Epoch [25/1000], Loss: 0.5356
Epoch [26/1000], Loss: 0.5338
Early stopping triggered.
Test Accuracy: 0.7453
all_predictions = 
[2, 2, 2, 2, 2, 2, 2, 2, 2, 2, 0, 2, 2, 2, 2, 2, 2, 2, 2, 2, 2, 2, 2, 2, 2, 2, 0, 2, 2, 2, 2, 2, 2, 2, 0, 2, 2, 2, 2, 2, 2, 0, 2, 2, 2, 2, 2, 2, 2, 2, 0, 2, 0, 2, 2, 2, 2, 0, 2, 2, 2, 2, 0, 2, 2, 2, 2, 2, 0, 2, 0, 2, 2, 2, 2, 2, 2, 2, 2, 2, 2, 2, 2, 2, 2, 2, 2, 2, 2, 2, 2, 2, 2, 0, 2, 2, 2, 2, 2, 2, 0, 2, 2, 2, 0, 2]
all_targets = 
[2, 0, 2, 2, 2, 2, 0, 2, 0, 2, 0, 2, 2, 2, 2, 2, 2, 2, 2, 2, 2, 2, 2, 2, 2, 2, 2, 2, 0, 2, 2, 2, 2, 2, 0, 2, 0, 2, 2, 2, 2, 2, 2, 0, 0, 2, 2, 0, 2, 2, 0, 2, 0, 2, 2, 2, 0, 0, 1, 2, 2, 2, 2, 2, 2, 2, 2, 0, 2, 2, 0, 2, 2, 2, 0, 2, 2, 2, 1, 2, 2, 2, 2, 0, 2, 2, 0, 0, 2, 2, 2, 2, 2, 0, 0, 0, 0, 2, 2, 0, 0, 2, 0, 0, 0, 0]
