Epoch [1/1000], Loss: 0.6803
Epoch [2/1000], Loss: 0.6469
Epoch [3/1000], Loss: 0.6360
Epoch [4/1000], Loss: 0.6246
Epoch [5/1000], Loss: 0.6195
Epoch [6/1000], Loss: 0.6042
Epoch [7/1000], Loss: 0.5974
Epoch [8/1000], Loss: 0.5899
Epoch [9/1000], Loss: 0.5836
Epoch [10/1000], Loss: 0.5821
Epoch [11/1000], Loss: 0.5721
Epoch [12/1000], Loss: 0.5744
Epoch [13/1000], Loss: 0.5639
Epoch [14/1000], Loss: 0.5562
Epoch [15/1000], Loss: 0.5520
Epoch [16/1000], Loss: 0.5453
Epoch [17/1000], Loss: 0.5449
Epoch [18/1000], Loss: 0.5363
Epoch [19/1000], Loss: 0.5433
Epoch [20/1000], Loss: 0.5413
Epoch [21/1000], Loss: 0.5438
Epoch [22/1000], Loss: 0.5509
Epoch [23/1000], Loss: 0.5423
Epoch [24/1000], Loss: 0.5420
Epoch [25/1000], Loss: 0.5297
Epoch [26/1000], Loss: 0.5216
Epoch [27/1000], Loss: 0.5363
Epoch [28/1000], Loss: 0.5263
Epoch [29/1000], Loss: 0.5178
Epoch [30/1000], Loss: 0.5131
Early stopping triggered.
Test Accuracy: 0.6981
all_predictions = 
[2, 2, 2, 2, 2, 0, 2, 2, 2, 2, 0, 2, 2, 2, 2, 2, 2, 2, 2, 2, 2, 2, 2, 0, 2, 2, 0, 2, 2, 2, 2, 2, 2, 2, 0, 2, 0, 2, 0, 0, 2, 0, 2, 2, 2, 2, 2, 0, 2, 2, 0, 2, 0, 2, 2, 2, 0, 0, 2, 0, 2, 2, 0, 2, 0, 2, 0, 2, 0, 2, 0, 2, 2, 2, 2, 2, 2, 2, 2, 0, 2, 0, 0, 0, 2, 2, 0, 2, 2, 0, 2, 2, 2, 0, 2, 2, 2, 2, 2, 2, 0, 2, 2, 0, 0, 2]
all_targets = 
[2, 0, 2, 2, 2, 2, 0, 2, 0, 2, 0, 2, 2, 2, 2, 2, 2, 2, 2, 2, 2, 2, 2, 2, 2, 2, 2, 2, 0, 2, 2, 2, 2, 2, 0, 2, 0, 2, 2, 2, 2, 2, 2, 0, 0, 2, 2, 0, 2, 2, 0, 2, 0, 2, 2, 2, 0, 0, 1, 2, 2, 2, 2, 2, 2, 2, 2, 0, 2, 2, 0, 2, 2, 2, 0, 2, 2, 2, 1, 2, 2, 2, 2, 0, 2, 2, 0, 0, 2, 2, 2, 2, 2, 0, 0, 0, 0, 2, 2, 0, 0, 2, 0, 0, 0, 0]
