Epoch [1/1000], Loss: 0.7953
Epoch [2/1000], Loss: 0.7026
Epoch [3/1000], Loss: 0.6933
Epoch [4/1000], Loss: 0.6882
Epoch [5/1000], Loss: 0.6766
Epoch [6/1000], Loss: 0.6559
Epoch [7/1000], Loss: 0.6307
Epoch [8/1000], Loss: 0.6153
Epoch [9/1000], Loss: 0.6060
Epoch [10/1000], Loss: 0.5988
Epoch [11/1000], Loss: 0.5999
Epoch [12/1000], Loss: 0.5943
Epoch [13/1000], Loss: 0.5871
Epoch [14/1000], Loss: 0.5843
Epoch [15/1000], Loss: 0.5835
Epoch [16/1000], Loss: 0.5778
Epoch [17/1000], Loss: 0.5726
Epoch [18/1000], Loss: 0.5725
Epoch [19/1000], Loss: 0.5741
Epoch [20/1000], Loss: 0.5651
Epoch [21/1000], Loss: 0.5685
Early stopping triggered.
Test Accuracy: 0.7170
all_predictions = 
[2, 0, 2, 0, 2, 2, 2, 2, 2, 2, 0, 2, 2, 2, 2, 2, 2, 2, 2, 2, 2, 2, 2, 2, 2, 2, 0, 2, 2, 2, 2, 2, 2, 2, 0, 2, 2, 2, 2, 0, 2, 0, 2, 2, 2, 2, 2, 2, 0, 2, 0, 2, 0, 2, 2, 2, 0, 0, 2, 2, 2, 2, 0, 2, 0, 2, 0, 0, 0, 2, 0, 2, 2, 2, 2, 2, 2, 2, 2, 0, 2, 0, 2, 0, 2, 2, 2, 2, 2, 2, 2, 2, 2, 2, 2, 2, 0, 0, 2, 2, 0, 2, 2, 0, 0, 2]
all_targets = 
[2, 0, 2, 2, 2, 2, 0, 2, 0, 2, 0, 2, 2, 2, 2, 2, 2, 2, 2, 2, 2, 2, 2, 2, 2, 2, 2, 2, 0, 2, 2, 2, 2, 2, 0, 2, 0, 2, 2, 2, 2, 2, 2, 0, 0, 2, 2, 0, 2, 2, 0, 2, 0, 2, 2, 2, 0, 0, 1, 2, 2, 2, 2, 2, 2, 2, 2, 0, 2, 2, 0, 2, 2, 2, 0, 2, 2, 2, 1, 2, 2, 2, 2, 0, 2, 2, 0, 0, 2, 2, 2, 2, 2, 0, 0, 0, 0, 2, 2, 0, 0, 2, 0, 0, 0, 0]
