Epoch [1/1000], Loss: 0.9048
Epoch [2/1000], Loss: 0.6761
Epoch [3/1000], Loss: 0.6565
Epoch [4/1000], Loss: 0.6415
Epoch [5/1000], Loss: 0.6236
Epoch [6/1000], Loss: 0.6203
Epoch [7/1000], Loss: 0.6116
Epoch [8/1000], Loss: 0.6070
Epoch [9/1000], Loss: 0.6050
Epoch [10/1000], Loss: 0.5978
Epoch [11/1000], Loss: 0.5965
Epoch [12/1000], Loss: 0.5938
Epoch [13/1000], Loss: 0.5871
Epoch [14/1000], Loss: 0.5868
Epoch [15/1000], Loss: 0.5751
Epoch [16/1000], Loss: 0.5745
Epoch [17/1000], Loss: 0.5712
Epoch [18/1000], Loss: 0.5752
Epoch [19/1000], Loss: 0.5688
Epoch [20/1000], Loss: 0.5634
Epoch [21/1000], Loss: 0.5624
Epoch [22/1000], Loss: 0.5612
Epoch [23/1000], Loss: 0.5653
Epoch [24/1000], Loss: 0.5567
Epoch [25/1000], Loss: 0.5495
Epoch [26/1000], Loss: 0.5543
Early stopping triggered.
Test Accuracy: 0.7358
all_predictions = 
[2, 2, 2, 2, 2, 2, 2, 2, 2, 2, 0, 2, 2, 2, 2, 2, 2, 2, 2, 2, 2, 2, 2, 2, 2, 2, 0, 2, 2, 2, 2, 2, 2, 2, 0, 2, 2, 2, 2, 0, 2, 2, 2, 2, 2, 2, 2, 2, 2, 2, 0, 2, 0, 2, 2, 2, 0, 0, 2, 2, 2, 2, 0, 2, 0, 2, 0, 2, 0, 2, 0, 2, 2, 2, 2, 2, 2, 2, 2, 0, 2, 0, 2, 0, 2, 2, 0, 2, 2, 0, 2, 2, 2, 0, 2, 2, 2, 2, 2, 2, 0, 2, 2, 0, 0, 2]
all_targets = 
[2, 0, 2, 2, 2, 2, 0, 2, 0, 2, 0, 2, 2, 2, 2, 2, 2, 2, 2, 2, 2, 2, 2, 2, 2, 2, 2, 2, 0, 2, 2, 2, 2, 2, 0, 2, 0, 2, 2, 2, 2, 2, 2, 0, 0, 2, 2, 0, 2, 2, 0, 2, 0, 2, 2, 2, 0, 0, 1, 2, 2, 2, 2, 2, 2, 2, 2, 0, 2, 2, 0, 2, 2, 2, 0, 2, 2, 2, 1, 2, 2, 2, 2, 0, 2, 2, 0, 0, 2, 2, 2, 2, 2, 0, 0, 0, 0, 2, 2, 0, 0, 2, 0, 0, 0, 0]
