Epoch [1/1000], Loss: 0.6740
Epoch [2/1000], Loss: 0.6368
Epoch [3/1000], Loss: 0.6158
Epoch [4/1000], Loss: 0.6024
Epoch [5/1000], Loss: 0.6022
Epoch [6/1000], Loss: 0.5956
Epoch [7/1000], Loss: 0.5874
Epoch [8/1000], Loss: 0.5885
Epoch [9/1000], Loss: 0.5791
Epoch [10/1000], Loss: 0.5743
Epoch [11/1000], Loss: 0.5683
Epoch [12/1000], Loss: 0.5638
Epoch [13/1000], Loss: 0.5618
Early stopping triggered.
Test Accuracy: 0.7547
all_predictions = 
[2, 2, 2, 2, 2, 2, 2, 2, 2, 2, 0, 2, 2, 2, 2, 2, 2, 2, 2, 2, 2, 2, 2, 2, 2, 2, 0, 2, 2, 2, 2, 2, 2, 2, 0, 2, 2, 2, 2, 2, 2, 2, 2, 2, 2, 2, 2, 2, 2, 2, 0, 2, 0, 2, 2, 2, 0, 0, 2, 0, 2, 2, 0, 2, 0, 2, 0, 0, 0, 2, 0, 2, 2, 2, 2, 2, 2, 2, 2, 2, 2, 2, 2, 2, 2, 2, 2, 2, 2, 2, 2, 2, 2, 0, 2, 2, 2, 2, 2, 2, 0, 2, 2, 0, 0, 2]
all_targets = 
[2, 0, 2, 2, 2, 2, 0, 2, 0, 2, 0, 2, 2, 2, 2, 2, 2, 2, 2, 2, 2, 2, 2, 2, 2, 2, 2, 2, 0, 2, 2, 2, 2, 2, 0, 2, 0, 2, 2, 2, 2, 2, 2, 0, 0, 2, 2, 0, 2, 2, 0, 2, 0, 2, 2, 2, 0, 0, 1, 2, 2, 2, 2, 2, 2, 2, 2, 0, 2, 2, 0, 2, 2, 2, 0, 2, 2, 2, 1, 2, 2, 2, 2, 0, 2, 2, 0, 0, 2, 2, 2, 2, 2, 0, 0, 0, 0, 2, 2, 0, 0, 2, 0, 0, 0, 0]
