Epoch [1/1000], Loss: 1.0832
Epoch [2/1000], Loss: 0.7382
Epoch [3/1000], Loss: 0.6979
Epoch [4/1000], Loss: 0.6791
Epoch [5/1000], Loss: 0.6435
Epoch [6/1000], Loss: 0.6218
Epoch [7/1000], Loss: 0.6073
Epoch [8/1000], Loss: 0.5978
Epoch [9/1000], Loss: 0.5938
Epoch [10/1000], Loss: 0.5897
Epoch [11/1000], Loss: 0.5866
Epoch [12/1000], Loss: 0.5809
Epoch [13/1000], Loss: 0.5789
Early stopping triggered.
Test Accuracy: 0.7547
all_predictions = 
[2, 2, 2, 2, 2, 2, 2, 2, 2, 2, 0, 2, 2, 2, 2, 2, 2, 2, 2, 2, 2, 2, 2, 2, 2, 2, 0, 2, 2, 2, 2, 2, 2, 2, 0, 2, 2, 2, 2, 2, 2, 2, 2, 2, 2, 2, 2, 2, 2, 2, 0, 2, 0, 2, 2, 2, 0, 0, 2, 2, 2, 2, 0, 2, 0, 2, 0, 2, 0, 2, 0, 2, 2, 2, 2, 2, 2, 2, 2, 0, 2, 0, 2, 0, 2, 2, 0, 2, 2, 2, 2, 2, 2, 0, 2, 2, 2, 2, 2, 2, 0, 2, 2, 0, 0, 2]
all_targets = 
[2, 0, 2, 2, 2, 2, 0, 2, 0, 2, 0, 2, 2, 2, 2, 2, 2, 2, 2, 2, 2, 2, 2, 2, 2, 2, 2, 2, 0, 2, 2, 2, 2, 2, 0, 2, 0, 2, 2, 2, 2, 2, 2, 0, 0, 2, 2, 0, 2, 2, 0, 2, 0, 2, 2, 2, 0, 0, 1, 2, 2, 2, 2, 2, 2, 2, 2, 0, 2, 2, 0, 2, 2, 2, 0, 2, 2, 2, 1, 2, 2, 2, 2, 0, 2, 2, 0, 0, 2, 2, 2, 2, 2, 0, 0, 0, 0, 2, 2, 0, 0, 2, 0, 0, 0, 0]
