Epoch [1/1000], Loss: 0.7473
Epoch [2/1000], Loss: 0.7004
Epoch [3/1000], Loss: 0.6849
Epoch [4/1000], Loss: 0.6626
Epoch [5/1000], Loss: 0.6228
Epoch [6/1000], Loss: 0.6077
Epoch [7/1000], Loss: 0.5975
Epoch [8/1000], Loss: 0.5929
Epoch [9/1000], Loss: 0.5946
Epoch [10/1000], Loss: 0.5870
Epoch [11/1000], Loss: 0.5837
Epoch [12/1000], Loss: 0.5823
Epoch [13/1000], Loss: 0.5814
Epoch [14/1000], Loss: 0.5779
Epoch [15/1000], Loss: 0.5906
Early stopping triggered.
Test Accuracy: 0.7453
all_predictions = 
[2, 2, 2, 2, 2, 2, 2, 2, 2, 2, 0, 2, 2, 2, 2, 2, 2, 2, 2, 2, 2, 2, 2, 2, 2, 2, 0, 2, 2, 2, 2, 2, 2, 2, 0, 2, 2, 2, 2, 2, 2, 2, 2, 2, 2, 2, 2, 2, 2, 2, 0, 2, 0, 2, 2, 2, 2, 0, 2, 2, 2, 2, 0, 2, 2, 2, 0, 2, 0, 2, 0, 2, 2, 2, 2, 2, 2, 2, 2, 2, 2, 2, 2, 2, 2, 2, 2, 2, 2, 2, 2, 2, 2, 2, 2, 2, 2, 2, 2, 2, 0, 2, 2, 0, 0, 2]
all_targets = 
[2, 0, 2, 2, 2, 2, 0, 2, 0, 2, 0, 2, 2, 2, 2, 2, 2, 2, 2, 2, 2, 2, 2, 2, 2, 2, 2, 2, 0, 2, 2, 2, 2, 2, 0, 2, 0, 2, 2, 2, 2, 2, 2, 0, 0, 2, 2, 0, 2, 2, 0, 2, 0, 2, 2, 2, 0, 0, 1, 2, 2, 2, 2, 2, 2, 2, 2, 0, 2, 2, 0, 2, 2, 2, 0, 2, 2, 2, 1, 2, 2, 2, 2, 0, 2, 2, 0, 0, 2, 2, 2, 2, 2, 0, 0, 0, 0, 2, 2, 0, 0, 2, 0, 0, 0, 0]
