Epoch [1/1000], Loss: 1.0471
Epoch [2/1000], Loss: 0.7339
Epoch [3/1000], Loss: 0.7090
Epoch [4/1000], Loss: 0.6945
Epoch [5/1000], Loss: 0.6647
Epoch [6/1000], Loss: 0.6319
Epoch [7/1000], Loss: 0.6131
Epoch [8/1000], Loss: 0.6072
Epoch [9/1000], Loss: 0.5959
Epoch [10/1000], Loss: 0.5966
Epoch [11/1000], Loss: 0.5900
Epoch [12/1000], Loss: 0.5842
Epoch [13/1000], Loss: 0.5847
Epoch [14/1000], Loss: 0.5834
Epoch [15/1000], Loss: 0.5834
Early stopping triggered.
Test Accuracy: 0.7830
all_predictions = 
[2, 2, 2, 2, 2, 2, 2, 2, 2, 2, 0, 2, 2, 2, 2, 2, 2, 2, 2, 2, 2, 2, 2, 2, 2, 2, 0, 2, 2, 2, 2, 2, 2, 2, 0, 2, 2, 2, 2, 2, 2, 2, 2, 2, 2, 2, 2, 2, 2, 2, 0, 2, 0, 2, 2, 2, 0, 0, 2, 2, 2, 2, 0, 2, 2, 2, 0, 2, 0, 2, 0, 2, 2, 2, 2, 2, 2, 2, 2, 2, 2, 2, 2, 0, 2, 2, 0, 2, 2, 2, 2, 2, 2, 0, 2, 2, 2, 2, 2, 2, 0, 2, 2, 0, 0, 2]
all_targets = 
[2, 0, 2, 2, 2, 2, 0, 2, 0, 2, 0, 2, 2, 2, 2, 2, 2, 2, 2, 2, 2, 2, 2, 2, 2, 2, 2, 2, 0, 2, 2, 2, 2, 2, 0, 2, 0, 2, 2, 2, 2, 2, 2, 0, 0, 2, 2, 0, 2, 2, 0, 2, 0, 2, 2, 2, 0, 0, 1, 2, 2, 2, 2, 2, 2, 2, 2, 0, 2, 2, 0, 2, 2, 2, 0, 2, 2, 2, 1, 2, 2, 2, 2, 0, 2, 2, 0, 0, 2, 2, 2, 2, 2, 0, 0, 0, 0, 2, 2, 0, 0, 2, 0, 0, 0, 0]
